cpus_count,free
1,3666876
1,3180064
1,3432976
1,3310492
1,3549656
1,3245860
1,3265416
1,3600224
1,3481560
1,3460100
1,3251972
1,3342412
1,3396300
1,3428876
1,3658712
1,3751928
1,3241244
1,3269420
1,3399676
1,3516468
1,3579660
1,3649808
1,3464624
1,3342568
1,3489860
1,3582404
1,3690628
1,3424656
1,3397336
1,3518892
2,3821224
2,3519300
2,3302068
2,3365128
2,3344588
2,3536296
2,3277176
2,3674160
2,3359268
2,3646316
2,3347224
2,3588716
2,3644032
2,3511284
2,3504604
2,3386044
2,3565184
2,3292404
2,3605112
2,3572776
2,3272264
2,3555120
2,3285132
2,3530448
2,3304212
2,3427260
2,3332176
2,3275432
2,3402688
2,3621812
3,3766932
3,3497436
3,3661268
3,3303396
3,3541328
3,3673368
3,3336620
3,3503736
3,3353176
3,3599220
3,3346236
3,3553968
3,3423800
3,3640464
3,3428140
3,3679900
3,3413552
3,3516120
3,3429920
3,3387420
3,3295152
3,3455960
3,3657064
3,3433468
3,3596540
3,3397768
3,3598368
3,3587092
3,3308996
3,3512892
4,3811040
4,3571824
4,3564340
4,3324892
4,3508996
4,3533408
4,3465304
4,3372304
4,3503200
4,3328384
4,3365912
4,3499532
4,3419696
4,3589392
4,3252292
4,3636544
4,3642988
4,3581904
4,3484032
4,3457240
4,3436768
4,3549400
4,3439968
4,3390956
4,3383072
4,3337320
4,3325932
4,3303504
4,3532968
4,3451720
5,3765248
5,3332864
5,3472596
5,3468264
5,3481444
5,3401756
5,3404980
5,3341036
5,3525892
5,3498932
5,3414084
5,3405464
5,3533168
5,3361428
5,3440016
5,3450192
5,3456596
5,3539508
5,3359536
5,3458168
5,3362032
5,3364952
5,3449504
5,3573564
5,3615652
5,3467772
5,3578832
5,3651956
5,3517952
5,3491400
6,3868740
6,3525896
6,3678416
6,3531056
6,3666912
6,3604528
6,3541756
6,3467696
6,3410356
6,3551000
6,3629956
6,3549148
6,3661780
6,3452572
6,3458924
6,3481844
6,3412820
6,3470796
6,3452776
6,3450596
6,3483676
6,3539788
6,3461976
6,3400504
6,3533448
6,3523268
6,3492092
6,3398804
6,3433852
6,3414004
7,3750432
7,3452876
7,3580408
7,3414140
7,3496880
7,3416704
7,3404672
7,3508180
7,3521696
7,3432876
7,3405600
7,3496224
7,3425432
7,3446316
7,3534012
7,3428540
7,3430512
7,3430524
7,3377448
7,3474372
7,3501980
7,3421604
7,3437396
7,3543304
7,3471420
7,3333564
7,3405160
7,3547052
7,3559204
7,3648168
8,3853320
8,3624984
8,3538288
8,3500460
8,3426688
8,3449396
8,3584096
8,3486080
8,3486304
8,3420048
8,3625808
8,3453852
8,3599152
8,3539504
8,3465136
8,3383236
8,3605164
8,3365488
8,3422824
8,3483100
8,3385368
8,3530876
8,3432312
8,3485096
8,3355968
8,3501768
8,3476948
8,3473824
8,3427504
8,3456028
9,3758352
9,3357616
9,3551492
9,3168884
9,3403420
9,3478100
9,3561372
9,3468860
9,3214200
9,3225408
9,3337148
9,3438980
9,3561504
9,3573336
9,3300384
9,3207160
9,3342356
9,3579176
9,3507704
9,3164560
9,3369560
9,3484320
9,3553908
9,3216128
9,3282136
9,3511280
9,3220668
9,3316348
9,3386980
9,3502712
10,3714596
10,3352096
10,3277076
10,3347536
10,3657544
10,3248696
10,3662068
10,3265812
10,3598864
10,3218388
10,3531432
10,3151528
10,3424436
10,3388320
10,3454532
10,3056764
10,3299536
10,3491144
10,3169568
10,3489112
10,3079276
10,3306316
10,3528940
10,3330372
10,3126032
10,3221596
10,3528964
10,3191584
10,3495268
10,3174456
11,3649456
11,3202412
11,3479644
11,2969844
11,3127068
11,3388268
11,3125276
11,3081352
11,3311176
11,3472416
11,3050668
11,3313540
11,3051888
11,3230160
11,3454744
11,3068276
11,3410152
11,2979556
11,3283612
11,3320600
11,3107224
11,3363496
11,3254556
11,3106040
11,3380224
11,3087076
11,3619376
11,3145412
11,3402784
11,3276340
12,3782360
12,3117020
12,3073300
12,3133532
12,3149220
12,3165104
12,3221932
12,3270764
12,3277864
12,3317860
12,3338416
12,3409440
12,3417432
12,3501488
12,3474332
12,3486212
12,3553356
12,3569032
12,3514440
12,3487132
12,3426824
12,3388548
12,3364024
12,3350544
12,3297628
12,3254280
12,3214212
12,3261660
12,3290044
12,3358324
13,3714868
13,3296644
13,2998356
13,3308100
13,2905696
13,3316620
13,2920304
13,3313288
13,2920696
13,3381508
13,2955620
13,3383216
13,3009816
13,3413808
13,3092728
13,3328312
13,3252320
13,3138360
13,3034392
13,3209996
13,2999144
13,3226356
13,3308476
13,3321804
13,2927096
13,3348052
13,3020176
13,3172760
13,3161600
13,3537620
14,3714040
14,3301020
14,3340524
14,3507992
14,3021132
14,3334864
14,3207868
14,3128184
14,3112284
14,3343044
14,3153692
14,3195540
14,3198664
14,3026048
14,3149628
14,2927608
14,2906300
14,3071364
14,3248860
14,3356200
14,3190336
14,2838420
14,2841060
14,3043196
14,3160600
14,3256812
14,3279364
14,3194952
14,2759568
14,2911604
15,3602588
15,3180596
15,2824516
15,3250756
15,2852036
15,3377012
15,2919524
15,3317468
15,3053948
15,2963668
15,3108176
15,2777720
15,3345528
15,3077616
15,2924416
15,3200604
15,2943808
15,3075412
15,3180940
15,2953996
15,2943688
15,3200736
15,2893540
15,3066480
15,3183336
15,2847640
15,3168828
15,3092012
15,2778384
15,3308068
16,3579328
16,3141940
16,3265768
16,3151812
16,3136184
16,3259164
16,3224756
16,3220796
16,3184860
16,3236428
16,3275144
16,3332384
16,3260960
16,3208112
16,3238596
16,3000096
16,3130324
16,3096884
16,2952380
16,3267984
16,3252268
16,3403104
16,3379088
16,3171348
16,3152640
16,3129952
16,3273100
16,3167448
16,3106812
16,3068920
