cpus_count,usr,sys,iowait
1,2.00,10.00,0.00
1,5.80,11.28,0.08
1,8.72,10.71,0.08
1,3.06,10.41,0.00
1,4.58,10.82,0.17
1,10.70,10.95,0.00
1,7.81,10.55,0.00
1,6.99,10.48,0.08
1,10.91,11.07,0.17
1,6.38,10.95,0.17
1,0.59,9.40,0.00
1,0.50,10.04,0.00
1,0.59,9.45,0.08
1,1.67,10.12,0.08
1,0.83,9.89,0.08
1,0.50,9.62,0.25
1,0.75,9.22,0.00
1,1.25,9.64,0.00
1,0.67,9.77,0.00
1,0.50,9.55,0.00
1,0.58,9.66,0.00
1,0.42,10.40,0.00
1,0.83,9.83,0.00
1,0.50,9.67,0.00
1,0.67,9.83,0.00
1,0.67,9.16,0.00
1,0.75,9.67,0.08
1,0.67,10.14,0.08
1,0.25,9.67,0.08
1,0.50,9.84,0.25
1,2.69,10.06,0.06
2,0.75,19.25,0.00
2,10.05,21.19,0.00
2,11.68,22.35,0.08
2,8.06,20.37,0.25
2,7.44,20.97,0.08
2,8.21,20.87,0.00
2,3.50,20.43,0.08
2,1.09,19.95,0.08
2,1.00,19.72,0.08
2,0.83,20.12,0.00
2,1.25,19.82,0.00
2,0.75,19.98,0.00
2,2.33,19.58,0.08
2,2.68,20.77,0.00
2,1.42,19.30,0.00
2,0.75,19.67,0.17
2,1.25,20.02,0.00
2,7.65,20.25,0.08
2,4.18,20.32,0.00
2,1.49,19.75,0.00
2,9.11,20.91,0.00
2,10.38,20.85,0.17
2,8.38,20.94,0.00
2,2.09,20.07,0.00
2,6.86,20.57,0.00
2,4.01,20.65,0.00
2,4.61,19.71,0.00
2,0.92,19.80,0.25
2,0.75,19.62,0.00
2,0.92,20.07,0.17
2,4.14,20.26,0.05
3,2.09,29.93,0.08
3,1.00,29.82,0.00
3,1.51,28.93,0.08
3,1.09,29.67,0.00
3,0.75,30.22,0.00
3,0.91,31.18,0.08
3,1.09,29.73,0.00
3,2.60,29.09,0.08
3,1.41,30.32,0.00
3,1.60,28.61,0.08
3,1.00,29.85,0.00
3,2.60,29.53,0.08
3,1.92,29.68,0.17
3,1.58,30.51,0.08
3,1.17,30.05,0.00
3,1.75,29.89,0.25
3,2.43,30.07,0.00
3,7.42,31.28,0.08
3,9.20,32.19,0.08
3,12.09,30.98,0.08
3,12.63,32.11,0.00
3,6.77,30.74,0.00
3,13.08,31.43,0.08
3,2.01,30.18,0.00
3,2.84,30.33,0.00
3,0.91,29.93,0.08
3,0.91,30.10,0.00
3,1.26,29.48,0.08
3,1.09,29.47,0.17
3,1.66,30.13,0.25
3,3.27,30.18,0.06
4,1.25,39.12,0.00
4,8.77,40.22,0.00
4,6.96,40.99,0.17
4,10.52,41.99,0.25
4,2.24,41.89,0.00
4,4.28,40.55,0.17
4,10.47,40.98,0.00
4,3.26,40.85,0.17
4,4.31,40.52,0.00
4,14.07,42.22,0.08
4,6.69,40.25,0.00
4,1.27,40.25,0.17
4,2.01,39.01,0.08
4,4.84,41.15,0.00
4,1.68,39.33,0.08
4,1.26,39.83,0.08
4,1.16,39.93,0.00
4,1.33,40.48,0.00
4,4.08,39.75,0.08
4,1.41,39.90,0.08
4,1.43,38.91,0.00
4,1.59,39.46,0.08
4,1.42,39.87,0.08
4,1.26,39.77,0.17
4,1.42,40.13,0.00
4,1.25,40.20,0.08
4,1.00,39.88,0.17
4,1.24,39.75,0.00
4,1.42,39.28,0.00
4,2.09,39.58,0.08
4,3.53,40.20,0.07
5,1.93,48.32,0.00
5,1.33,50.42,0.00
5,1.91,49.58,0.08
5,1.76,49.66,0.08
5,1.58,49.29,0.00
5,1.58,49.50,0.08
5,2.27,48.83,0.00
5,1.59,48.91,0.00
5,1.34,49.71,0.00
5,1.73,51.28,0.00
5,1.32,51.36,0.00
5,1.59,49.67,0.00
5,1.77,49.20,0.00
5,2.48,50.41,0.17
5,1.67,49.63,0.00
5,1.42,49.54,0.17
5,2.01,49.50,0.00
5,2.42,49.67,0.00
5,1.50,49.92,0.00
5,1.67,49.79,0.00
5,2.25,50.08,0.00
5,1.44,49.45,0.00
5,4.18,49.79,0.17
5,2.27,49.03,0.17
5,1.94,49.37,0.00
5,1.92,49.12,0.00
5,3.10,50.17,0.00
5,1.34,50.25,0.17
5,1.34,49.29,0.00
5,1.76,49.87,0.00
5,1.88,49.69,0.04
6,2.60,60.54,0.00
6,1.60,60.93,0.00
6,2.00,61.44,0.00
6,2.24,62.35,0.08
6,1.41,61.18,0.00
6,2.11,59.39,0.08
6,1.84,61.19,0.00
6,1.86,59.90,0.08
6,1.92,59.08,0.00
6,1.83,60.67,0.00
6,1.67,61.99,0.00
6,2.34,59.20,0.00
6,2.67,63.07,0.00
6,3.65,62.74,0.08
6,2.45,59.38,0.08
6,1.83,61.63,0.08
6,2.35,61.53,0.00
6,2.19,61.56,0.00
6,1.83,60.58,0.00
6,2.02,61.56,0.08
6,2.02,60.61,0.08
6,1.84,60.47,0.08
6,3.01,60.07,0.25
6,1.76,60.10,0.00
6,1.93,60.39,0.08
6,1.66,61.19,0.00
6,2.26,58.56,0.00
6,1.75,60.93,0.08
6,1.49,59.34,0.00
6,2.36,60.59,0.08
6,2.08,60.74,0.04
7,2.01,69.40,0.00
7,2.52,70.30,0.00
7,3.03,70.17,0.00
7,2.35,70.48,0.08
7,1.76,70.27,0.00
7,1.85,70.48,0.00
7,1.93,70.85,0.00
7,1.92,70.26,0.08
7,2.17,70.23,0.00
7,2.02,70.35,0.00
7,2.26,70.44,0.08
7,2.15,69.95,0.08
7,2.68,70.79,0.08
7,2.18,71.22,0.08
7,2.57,70.29,0.00
7,2.71,71.32,0.00
7,2.61,69.24,0.00
7,2.08,71.26,0.00
7,1.67,71.05,0.08
7,1.76,70.58,0.08
7,2.02,70.50,0.08
7,1.75,71.19,0.00
7,2.02,70.92,0.00
7,3.29,69.25,0.00
7,3.33,70.24,0.00
7,1.90,70.44,0.00
7,3.09,71.23,0.00
7,2.03,70.19,0.00
7,2.60,71.00,0.08
7,2.51,71.17,0.00
7,2.29,70.50,0.03
8,3.25,78.40,0.00
8,2.33,78.99,0.00
8,2.53,79.88,0.00
8,2.59,79.90,0.00
8,2.10,79.73,0.00
8,2.62,79.16,0.00
8,1.93,79.87,0.08
8,2.28,79.51,0.00
8,3.24,78.82,0.08
8,2.45,79.39,0.08
8,2.92,79.22,0.00
8,2.43,78.94,0.00
8,2.51,79.92,0.00
8,4.18,80.02,0.00
8,2.12,79.61,0.00
8,2.92,78.98,0.00
8,2.27,79.98,0.00
8,2.32,80.58,0.00
8,2.17,79.70,0.00
8,2.92,79.58,0.00
8,3.17,79.03,0.08
8,2.45,79.58,0.00
8,2.76,78.73,0.00
8,2.67,79.33,0.08
8,2.44,79.29,0.00
8,2.26,79.48,0.00
8,2.16,79.27,0.00
8,2.45,79.65,0.00
8,2.28,79.60,0.08
8,2.44,79.65,0.00
8,2.57,79.46,0.02
9,1.91,84.98,0.08
9,5.29,85.32,0.00
9,2.34,85.77,0.00
9,3.44,85.49,0.00
9,2.57,85.07,0.00
9,2.79,86.06,0.00
9,2.18,85.93,0.00
9,2.43,86.07,0.00
9,2.25,85.40,0.00
9,3.10,85.49,0.00
9,2.74,85.29,0.00
9,2.09,86.36,0.00
9,2.70,85.40,0.00
9,2.94,86.07,0.00
9,2.50,85.81,0.00
9,2.58,85.44,0.08
9,2.83,85.43,0.00
9,2.69,85.64,0.00
9,2.51,85.63,0.00
9,2.69,86.11,0.08
9,2.42,85.54,0.00
9,2.96,85.19,0.00
9,3.12,85.24,0.08
9,2.10,85.55,0.00
9,3.61,85.13,0.00
9,3.70,85.04,0.00
9,2.75,85.58,0.00
9,3.01,85.20,0.00
9,2.70,86.00,0.17
9,2.83,84.67,0.00
9,2.79,85.53,0.02
10,3.20,88.22,0.00
10,3.34,90.05,0.00
10,3.26,89.48,0.00
10,2.09,90.79,0.00
10,2.48,89.93,0.00
10,3.33,89.78,0.00
10,2.35,90.61,0.00
10,2.41,90.17,0.00
10,3.01,89.82,0.00
10,2.25,90.67,0.00
10,2.26,90.61,0.00
10,2.48,90.48,0.00
10,3.01,89.80,0.00
10,4.79,89.32,0.00
10,2.42,90.07,0.00
10,2.02,90.92,0.00
10,2.57,89.96,0.00
10,2.27,90.76,0.00
10,2.09,90.81,0.00
10,2.43,90.38,0.00
10,2.00,90.68,0.00
10,3.37,89.54,0.00
10,2.83,90.33,0.00
10,3.67,89.33,0.00
10,2.00,90.67,0.00
10,3.17,89.73,0.00
10,2.33,90.08,0.00
10,2.69,90.26,0.00
10,2.60,90.18,0.00
10,2.43,89.60,0.00
10,2.70,90.10,0.00
11,2.59,91.65,0.00
11,2.18,93.04,0.00
11,3.35,92.97,0.00
11,2.90,92.53,0.00
11,2.43,93.46,0.00
11,2.51,93.30,0.00
11,2.41,93.34,0.00
11,2.59,92.99,0.00
11,2.57,92.61,0.00
11,2.69,93.03,0.00
11,2.08,93.68,0.00
11,3.11,92.68,0.00
11,3.01,92.89,0.00
11,3.11,92.70,0.00
11,2.49,93.03,0.00
11,3.19,92.79,0.00
11,3.15,92.03,0.00
11,2.75,93.17,0.00
11,2.42,93.39,0.00
11,2.99,92.77,0.00
11,2.34,93.56,0.00
11,2.09,93.16,0.00
11,2.84,93.40,0.00
11,2.33,93.02,0.00
11,2.95,93.33,0.00
11,3.47,91.98,0.00
11,2.09,93.81,0.00
11,2.17,93.58,0.00
11,2.26,93.32,0.08
11,2.75,91.82,0.00
11,2.66,92.97,0.00
12,2.25,92.84,0.00
12,2.17,94.75,0.00
12,3.49,93.43,0.00
12,2.41,94.50,0.00
12,2.08,94.75,0.00
12,4.02,92.71,0.00
12,2.40,94.20,0.00
12,2.00,94.68,0.00
12,2.57,94.20,0.00
12,2.67,94.32,0.00
12,3.50,93.17,0.00
12,2.84,93.73,0.00
12,2.90,93.94,0.00
12,5.08,91.33,0.08
12,2.93,94.14,0.00
12,3.08,93.43,0.00
12,2.77,94.12,0.00
12,2.24,94.35,0.00
12,2.58,94.00,0.00
12,2.73,93.63,0.00
12,2.50,94.42,0.00
12,2.76,93.73,0.00
12,3.01,93.57,0.00
12,2.51,94.65,0.00
12,2.33,94.01,0.00
12,3.10,93.96,0.00
12,2.07,94.44,0.00
12,3.34,93.73,0.00
12,2.49,94.02,0.00
12,2.49,93.02,0.00
12,2.78,93.86,0.00
13,2.43,92.80,0.00
13,2.66,93.85,0.00
13,2.67,94.24,0.00
13,2.40,94.37,0.00
13,2.51,95.31,0.00
13,1.91,94.69,0.00
13,2.43,95.14,0.00
13,3.50,93.42,0.00
13,2.64,94.13,0.00
13,2.84,94.40,0.00
13,2.82,94.11,0.00
13,3.19,93.88,0.00
13,2.99,93.95,0.00
13,3.17,93.99,0.00
13,2.42,94.90,0.00
13,7.36,89.80,0.00
13,14.66,82.10,0.08
13,17.07,80.74,0.00
13,12.80,84.04,0.00
13,9.74,87.34,0.00
13,9.69,87.39,0.00
13,7.88,89.05,0.00
13,6.29,90.78,0.00
13,14.53,82.31,0.00
13,16.16,81.07,0.00
13,8.94,88.05,0.00
13,10.54,86.47,0.00
13,6.07,91.19,0.00
13,10.90,86.25,0.00
13,11.87,84.11,0.00
13,6.83,90.13,0.00
14,9.24,86.97,0.00
14,2.33,94.68,0.00
14,5.43,92.06,0.00
14,6.48,90.61,0.00
14,13.20,84.52,0.00
14,8.63,88.63,0.00
14,13.93,83.90,0.00
14,11.53,85.88,0.00
14,12.65,84.78,0.00
14,10.58,87.17,0.00
14,7.76,88.99,0.00
14,9.07,88.92,0.00
14,7.83,89.25,0.00
14,6.42,90.99,0.00
14,7.99,89.52,0.00
14,4.01,93.14,0.00
14,3.10,94.31,0.00
14,3.90,93.44,0.00
14,4.06,93.28,0.00
14,4.15,93.02,0.00
14,3.86,93.79,0.00
14,3.73,93.37,0.00
14,3.94,93.22,0.00
14,3.32,93.77,0.00
14,3.58,94.17,0.00
14,3.47,93.55,0.00
14,3.43,94.24,0.00
14,4.50,92.84,0.00
14,3.34,93.57,0.00
14,4.42,92.33,0.00
14,6.33,90.97,0.00
15,4.82,91.19,0.00
15,3.67,94.25,0.00
15,3.33,94.09,0.00
15,3.57,94.18,0.00
15,3.85,93.47,0.00
15,3.85,94.05,0.00
15,3.68,93.72,0.00
15,3.49,93.85,0.00
15,3.66,94.17,0.00
15,2.91,94.43,0.00
15,3.50,94.25,0.00
15,3.66,93.92,0.00
15,5.01,92.90,0.00
15,4.50,93.25,0.00
15,3.09,94.57,0.00
15,3.58,93.75,0.00
15,3.85,93.81,0.00
15,4.09,93.66,0.08
15,3.50,94.09,0.00
15,4.26,93.07,0.00
15,3.67,94.08,0.00
15,4.41,92.68,0.00
15,4.83,92.85,0.00
15,4.58,92.92,0.00
15,3.34,94.66,0.00
15,3.92,93.42,0.00
15,3.76,93.99,0.00
15,4.08,93.58,0.00
15,2.93,94.73,0.00
15,3.01,93.56,0.08
15,3.81,93.70,0.01
16,3.34,93.23,0.00
16,3.92,93.66,0.00
16,4.59,93.48,0.00
16,3.32,94.44,0.00
16,4.59,93.66,0.00
16,3.55,94.05,0.00
16,3.67,94.32,0.00
16,4.58,93.08,0.00
16,3.77,94.30,0.00
16,3.99,93.59,0.00
16,3.34,94.65,0.00
16,3.08,94.68,0.00
16,4.65,93.36,0.00
16,6.24,91.68,0.00
16,3.95,94.46,0.00
16,4.99,92.85,0.00
16,3.41,94.50,0.00
16,4.85,93.22,0.00
16,3.40,94.28,0.00
16,4.90,93.11,0.08
16,2.84,94.82,0.00
16,4.17,93.82,0.00
16,3.58,94.25,0.00
16,3.17,94.91,0.00
16,3.51,93.98,0.00
16,3.57,93.86,0.00
16,3.67,94.32,0.00
16,4.49,93.27,0.00
16,3.43,94.73,0.00
16,3.59,93.16,0.00
16,3.94,93.86,0.00
