mem-level,usr,sys,iowait
1,97.75,0.58,0.00
1,98.08,1.75,0.00
1,98.75,0.83,0.00
1,98.25,1.50,0.00
1,99.08,0.42,0.00
1,98.67,1.00,0.00
1,98.08,1.58,0.00
1,98.92,0.67,0.00
1,96.84,2.58,0.00
1,98.83,0.75,0.00
1,98.83,0.92,0.00
1,98.75,1.00,0.00
1,97.75,1.75,0.00
1,98.83,0.75,0.00
1,98.17,1.41,0.00
1,98.50,1.17,0.00
1,98.92,0.75,0.00
1,99.33,0.42,0.00
1,99.50,0.25,0.00
1,99.50,0.42,0.00
1,99.25,0.58,0.00
1,98.92,0.83,0.00
1,98.58,1.17,0.00
1,99.25,0.50,0.00
1,99.58,0.33,0.00
1,99.50,0.25,0.00
1,99.58,0.33,0.00
1,99.42,0.33,0.00
1,99.17,0.67,0.00
1,98.92,0.75,0.00
1,98.78,0.88,0.00
2,97.58,0.92,0.00
2,98.67,1.00,0.00
2,97.76,1.91,0.00
2,98.66,0.84,0.00
2,98.50,1.17,0.00
2,98.08,1.42,0.00
2,98.50,1.17,0.00
2,99.08,0.58,0.00
2,99.16,0.42,0.00
2,98.76,0.75,0.00
2,98.42,1.17,0.00
2,98.91,0.67,0.00
2,98.75,1.00,0.00
2,98.67,1.00,0.00
2,98.67,1.00,0.00
2,99.42,0.42,0.00
2,99.58,0.42,0.00
2,99.34,0.42,0.00
2,99.75,0.17,0.00
2,99.58,0.25,0.00
2,99.25,0.50,0.00
2,99.50,0.33,0.00
2,99.25,0.50,0.00
2,99.67,0.25,0.00
2,98.83,0.92,0.00
2,97.92,1.66,0.00
2,98.17,1.42,0.00
2,98.33,1.25,0.00
2,98.43,1.08,0.00
2,98.66,1.09,0.00
2,98.79,0.86,0.00
3,97.08,1.33,0.00
3,97.92,1.41,0.00
3,98.16,1.42,0.00
3,97.50,2.00,0.00
3,97.18,2.33,0.00
3,98.08,1.08,0.00
3,99.17,0.67,0.00
3,99.25,0.67,0.00
3,98.34,1.41,0.00
3,99.42,0.42,0.00
3,98.09,1.33,0.00
3,98.25,1.17,0.00
3,98.25,1.17,0.00
3,98.83,0.67,0.00
3,97.75,1.50,0.00
3,98.17,1.17,0.00
3,98.33,1.17,0.00
3,99.08,0.50,0.00
3,98.25,1.33,0.00
3,97.50,2.00,0.00
3,98.92,0.83,0.00
3,97.49,2.17,0.00
3,95.10,4.40,0.00
3,97.66,2.09,0.00
3,97.59,1.75,0.00
3,95.92,3.58,0.00
3,98.01,1.50,0.00
3,97.32,2.34,0.00
3,98.84,0.83,0.00
3,99.50,0.42,0.00
3,98.03,1.49,0.00
4,97.51,0.83,0.17
4,99.08,0.75,0.00
4,99.58,0.17,0.00
4,99.25,0.58,0.00
4,99.25,0.42,0.00
4,99.42,0.42,0.00
4,99.00,0.75,0.00
4,98.92,0.91,0.00
4,99.00,0.67,0.00
4,99.17,0.50,0.00
4,99.00,0.67,0.00
4,98.92,0.58,0.00
4,99.00,0.67,0.00
4,99.42,0.50,0.00
4,99.50,0.33,0.00
4,99.50,0.33,0.00
4,98.75,1.00,0.00
4,99.42,0.33,0.00
4,99.42,0.50,0.00
4,99.42,0.25,0.00
4,99.67,0.25,0.00
4,99.33,0.58,0.00
4,99.50,0.33,0.00
4,99.42,0.50,0.00
4,99.17,0.50,0.00
4,96.34,3.25,0.00
4,98.58,1.00,0.00
4,99.09,0.67,0.00
4,99.50,0.33,0.00
4,99.17,0.58,0.00
4,99.08,0.64,0.01
5,97.19,0.66,0.00
5,99.42,0.50,0.00
5,99.25,0.33,0.00
5,99.17,0.58,0.00
5,99.25,0.58,0.00
5,98.75,0.75,0.00
5,99.00,0.58,0.00
5,98.17,1.41,0.00
5,98.33,1.34,0.00
5,96.67,2.74,0.00
5,98.25,1.42,0.00
5,98.75,1.09,0.00
5,98.83,1.00,0.00
5,99.58,0.33,0.00
5,99.58,0.25,0.00
5,99.25,0.58,0.00
5,99.67,0.25,0.00
5,98.58,1.25,0.00
5,99.00,0.50,0.00
5,99.25,0.67,0.00
5,98.42,1.42,0.00
5,99.00,0.83,0.00
5,97.09,2.41,0.00
5,98.08,1.58,0.00
5,97.59,2.25,0.00
5,93.76,5.50,0.00
5,96.00,3.33,0.00
5,99.00,0.83,0.00
5,99.09,0.67,0.00
5,99.58,0.33,0.00
5,98.45,1.20,0.00
6,97.91,0.67,0.00
6,99.17,0.58,0.00
6,99.58,0.25,0.00
6,99.25,0.58,0.00
6,99.67,0.25,0.00
6,99.33,0.50,0.00
6,98.42,1.33,0.00
6,98.92,0.92,0.00
6,99.58,0.17,0.00
6,99.58,0.33,0.00
6,99.75,0.08,0.00
6,99.67,0.17,0.00
6,99.08,0.75,0.00
6,99.08,0.58,0.00
6,99.58,0.17,0.00
6,99.50,0.33,0.00
6,99.25,0.50,0.00
6,99.75,0.08,0.00
6,99.50,0.42,0.00
6,99.17,0.58,0.00
6,99.00,0.66,0.00
6,99.33,0.25,0.00
6,98.00,1.25,0.00
6,99.00,0.58,0.00
6,98.91,0.58,0.00
6,98.50,1.00,0.00
6,98.75,0.50,0.00
6,98.50,1.00,0.00
6,97.75,2.00,0.00
6,99.33,0.42,0.00
6,99.09,0.58,0.00
7,97.34,1.00,0.00
7,99.50,0.33,0.00
7,99.25,0.42,0.00
7,99.33,0.50,0.00
7,99.17,0.75,0.00
7,99.08,0.75,0.00
7,99.17,0.67,0.00
7,98.50,1.17,0.00
7,99.08,0.67,0.00
7,99.00,0.67,0.00
7,99.33,0.25,0.00
7,99.25,0.50,0.00
7,99.25,0.50,0.00
7,99.08,0.67,0.00
7,99.25,0.50,0.00
7,97.42,2.08,0.00
7,97.50,2.08,0.00
7,97.08,2.34,0.00
7,96.76,2.83,0.00
7,99.08,0.58,0.00
7,99.25,0.33,0.00
7,98.75,1.00,0.00
7,97.92,1.58,0.00
7,98.25,1.33,0.00
7,98.25,1.25,0.00
7,97.50,1.92,0.00
7,98.25,1.33,0.00
7,98.50,1.25,0.00
7,99.33,0.50,0.00
7,99.50,0.42,0.00
7,98.63,1.01,0.00
8,97.91,0.67,0.08
8,99.25,0.58,0.00
8,98.67,1.08,0.00
8,99.25,0.67,0.00
8,99.50,0.42,0.00
8,99.25,0.50,0.00
8,97.59,2.08,0.00
8,99.17,0.67,0.00
8,98.33,1.17,0.00
8,95.91,3.84,0.00
8,96.51,2.91,0.00
8,97.76,1.75,0.00
8,97.16,2.59,0.00
8,98.17,1.42,0.00
8,99.42,0.42,0.00
8,99.17,0.50,0.00
8,98.75,0.92,0.00
8,98.83,0.75,0.00
8,97.92,1.58,0.00
8,97.66,1.92,0.00
8,97.92,1.58,0.00
8,98.42,1.08,0.00
8,99.17,0.67,0.00
8,98.17,1.42,0.00
8,99.09,0.58,0.00
8,99.00,0.84,0.00
8,99.25,0.42,0.00
8,99.00,0.75,0.00
8,98.66,1.09,0.00
8,99.17,0.58,0.00
8,98.47,1.18,0.00
9,96.66,1.67,0.08
9,98.42,1.25,0.00
9,98.17,1.42,0.00
9,97.51,1.49,0.00
9,98.58,1.25,0.00
9,98.75,0.92,0.00
9,97.43,2.24,0.00
9,98.33,1.59,0.00
9,96.92,2.58,0.00
9,97.25,2.25,0.00
9,97.25,2.17,0.00
9,96.41,3.17,0.00
9,98.50,1.00,0.00
9,98.49,1.09,0.00
9,98.59,0.91,0.00
9,98.83,0.58,0.00
9,99.08,0.67,0.00
9,98.67,1.16,0.00
9,99.00,0.92,0.00
9,99.00,0.75,0.00
9,98.51,1.08,0.00
9,99.17,0.50,0.00
9,98.33,1.42,0.00
9,98.75,0.83,0.00
9,99.33,0.42,0.00
9,99.83,0.08,0.00
9,99.67,0.25,0.00
9,99.42,0.42,0.00
9,99.67,0.17,0.00
9,98.00,1.67,0.00
9,98.42,1.20,0.00
