priority,usr,sys,iowait
1,83.61,0.42,0.08
1,81.31,2.08,0.17
1,80.79,2.35,0.00
1,83.49,0.50,0.17
1,88.08,1.90,0.17
1,80.43,1.25,0.17
1,79.62,0.08,0.17
1,79.45,0.17,0.00
1,79.49,0.42,0.25
1,80.37,0.42,0.17
1,79.70,0.00,0.00
1,80.12,0.33,0.25
1,79.50,0.66,0.17
1,79.87,0.33,0.00
1,79.52,0.08,0.17
1,79.95,0.25,0.08
1,79.60,0.08,0.25
1,79.34,0.08,0.08
1,80.13,0.08,0.00
1,79.78,0.08,0.00
1,79.63,0.08,0.17
1,79.40,0.17,0.25
1,79.82,0.17,0.08
1,79.44,0.17,0.25
1,79.55,0.08,0.25
1,79.50,0.08,0.00
1,79.55,0.25,0.08
1,79.55,0.00,0.17
1,79.33,0.17,0.00
1,79.90,0.08,0.00
1,80.33,0.43,0.12
6,82.67,0.83,0.33
6,80.30,0.33,0.42
6,79.85,0.25,0.00
6,80.08,0.33,0.08
6,80.40,0.58,0.50
6,81.47,3.92,3.17
6,81.82,2.42,0.92
6,82.82,2.26,1.93
6,82.05,0.67,0.92
6,83.71,1.16,0.25
6,86.39,2.77,3.45
6,84.29,1.25,0.91
6,83.19,0.84,0.17
6,85.03,2.81,0.17
6,89.45,1.34,0.08
6,83.22,1.66,0.17
6,80.55,0.42,0.00
6,81.75,0.75,0.17
6,81.58,1.32,0.08
6,87.65,1.67,0.42
6,88.97,2.42,0.17
6,86.77,0.92,0.00
6,81.34,0.42,0.08
6,88.01,1.67,0.25
6,84.33,0.92,0.42
6,80.30,0.33,0.17
6,83.43,2.18,0.25
6,79.98,0.25,0.25
6,81.89,0.92,0.75
6,82.07,0.75,0.33
6,83.18,1.28,0.56
11,82.57,0.83,0.25
11,82.18,1.34,0.84
11,85.42,1.92,0.33
11,85.88,1.67,0.75
11,82.08,0.92,0.42
11,83.56,0.75,0.08
11,84.89,1.25,0.17
11,82.18,0.92,0.00
11,82.38,1.00,0.08
11,81.20,0.50,0.00
11,80.50,0.33,0.08
11,80.45,0.67,0.33
11,79.83,0.83,0.08
11,80.58,0.50,0.83
11,82.68,1.17,4.52
11,82.90,1.26,2.77
11,81.05,0.58,0.17
11,81.90,0.58,0.00
11,82.05,0.75,0.08
11,82.97,0.33,0.08
11,81.94,0.67,0.00
11,81.32,0.42,0.08
11,82.09,0.91,0.00
11,82.21,0.58,0.17
11,82.71,0.67,0.00
11,81.11,0.83,0.00
11,82.54,0.67,0.00
11,80.88,0.42,0.00
11,80.92,0.42,0.17
11,81.87,0.83,0.33
11,82.16,0.82,0.42
16,82.94,0.84,0.08
16,80.88,0.42,0.75
16,79.82,0.50,0.00
16,80.05,0.00,0.00
16,79.70,0.25,0.17
16,80.97,1.75,0.17
16,81.10,0.33,0.25
16,80.56,0.33,0.08
16,80.47,0.08,0.08
16,80.77,0.25,0.08
16,81.11,0.75,0.08
16,81.37,0.50,0.08
16,82.09,0.42,0.08
16,82.92,1.67,0.08
16,80.96,1.08,0.08
16,82.22,0.42,0.00
16,81.31,1.16,0.00
16,83.01,1.67,0.17
16,81.25,0.33,0.00
16,81.86,0.58,1.16
16,81.61,1.00,2.01
16,80.98,0.33,0.08
16,79.85,0.33,0.00
16,80.55,0.33,0.00
16,80.83,0.25,0.08
16,81.15,0.42,0.08
16,81.60,0.50,0.00
16,81.57,0.42,0.00
16,80.90,0.50,0.08
16,80.93,0.50,0.33
16,81.18,0.60,0.20
21,82.51,1.58,0.08
21,82.53,1.16,0.08
21,81.46,1.50,0.42
21,82.30,1.50,0.08
21,82.02,0.92,0.17
21,81.24,0.75,0.17
21,81.80,0.91,0.08
21,80.30,0.58,0.33
21,81.23,0.75,0.25
21,81.16,0.91,0.08
21,82.18,2.08,0.25
21,80.94,0.67,0.33
21,80.10,0.66,0.17
21,81.01,1.00,0.17
21,81.80,1.25,0.17
21,83.28,3.97,1.99
21,85.31,1.33,0.83
21,82.10,1.08,0.00
21,81.20,0.67,0.00
21,80.38,0.41,0.00
21,81.23,0.50,0.17
21,82.81,1.33,0.08
21,82.42,1.50,0.17
21,80.92,0.42,0.17
21,82.56,0.83,0.17
21,81.32,0.42,0.08
21,83.68,1.24,0.00
21,81.25,0.50,0.08
21,81.73,0.58,0.08
21,84.13,1.49,0.08
21,81.90,1.08,0.22
26,82.01,0.83,0.17
26,82.71,1.25,0.08
26,81.14,0.92,0.33
26,81.45,0.75,0.08
26,84.81,1.33,0.33
26,84.32,0.75,0.17
26,81.00,0.67,0.17
26,83.83,1.24,0.00
26,82.86,0.75,0.00
26,85.32,1.08,0.00
26,81.94,0.84,0.17
26,81.55,0.58,0.00
26,82.89,0.91,0.00
26,84.88,1.99,0.17
26,84.96,1.00,0.00
26,82.40,0.58,0.08
26,84.09,1.57,0.08
26,86.68,1.59,0.08
26,84.01,1.25,0.00
26,82.48,0.66,0.08
26,83.36,1.08,0.17
26,83.86,1.58,0.00
26,81.19,1.41,0.08
26,83.75,2.82,0.17
26,85.44,0.92,0.08
26,90.20,1.66,0.08
26,87.84,1.42,0.00
26,85.56,1.09,0.17
26,88.42,2.42,0.08
26,85.04,2.74,0.08
26,84.00,1.26,0.10
31,85.06,1.75,0.42
31,83.03,0.92,0.17
31,80.38,0.42,0.25
31,81.20,0.33,0.25
31,80.35,0.66,0.25
31,80.52,0.25,0.08
31,83.15,0.67,0.08
31,80.53,0.33,0.00
31,84.53,0.92,0.08
31,83.28,1.00,0.08
31,83.79,1.00,0.08
31,82.70,0.92,0.00
31,81.62,0.58,0.00
31,81.47,0.75,0.00
31,82.00,0.83,0.08
31,81.52,0.58,0.08
31,81.95,0.83,0.08
31,82.55,0.76,0.00
31,83.99,1.17,0.75
31,83.77,0.92,0.08
31,83.01,0.67,0.00
31,82.11,0.33,0.00
31,82.04,0.83,0.08
31,81.80,0.58,0.08
31,82.57,0.50,0.00
31,81.08,0.67,0.08
31,81.14,0.50,0.92
31,81.88,1.85,5.20
31,85.26,1.68,3.94
31,82.76,1.59,2.85
31,82.37,0.83,0.53
36,83.22,1.00,0.08
36,81.15,0.42,0.00
36,81.27,2.16,0.00
36,83.60,0.83,0.00
36,84.33,2.42,0.00
36,85.85,4.91,0.08
36,84.27,1.34,0.00
36,87.08,1.42,0.08
36,81.70,0.33,0.08
36,80.48,0.25,0.25
36,79.70,0.42,0.08
36,79.52,0.08,0.08
36,80.55,0.75,0.42
36,86.36,3.66,0.08
36,80.85,1.42,0.08
36,83.21,2.08,0.25
36,80.40,1.25,0.08
36,80.58,1.08,0.33
36,80.00,0.08,0.08
36,81.03,1.41,0.08
36,82.06,1.16,0.17
36,82.70,1.16,0.08
36,80.80,0.42,0.08
36,83.51,0.67,0.08
36,81.93,0.67,0.00
36,80.72,0.25,0.00
36,80.87,0.25,0.08
36,81.06,0.25,0.25
36,81.15,0.42,0.08
36,80.90,0.33,0.08
36,82.03,1.10,0.10
41,84.73,2.60,0.50
41,82.56,1.25,0.17
41,81.27,0.42,0.08
41,81.22,0.33,0.08
41,81.17,0.58,0.17
41,80.47,0.17,0.00
41,79.49,0.25,0.08
41,80.93,0.42,0.08
41,81.86,0.58,0.25
41,82.02,0.42,0.08
41,81.43,0.33,0.08
41,81.50,0.75,0.00
41,80.98,0.17,0.08
41,81.12,0.42,0.00
41,84.46,1.25,0.17
41,83.06,1.50,0.00
41,84.22,1.25,0.00
41,85.09,1.24,0.25
41,81.78,0.58,0.08
41,82.99,0.58,0.17
41,86.95,1.84,0.17
41,85.92,1.58,0.00
41,85.80,1.16,0.00
41,84.83,1.92,0.00
41,85.32,2.82,0.00
41,84.04,0.67,0.08
41,81.83,0.75,0.17
41,83.33,2.09,0.59
41,84.28,3.08,2.41
41,88.20,3.01,0.92
41,83.09,1.13,0.22
46,88.55,2.99,0.08
46,83.12,1.17,0.42
46,84.73,2.77,3.61
46,82.90,2.75,0.50
46,83.76,2.00,0.33
46,84.35,1.50,0.50
46,82.36,1.00,0.00
46,84.50,2.58,0.00
46,84.79,2.56,0.08
46,84.56,2.59,0.17
46,82.39,1.92,0.08
46,80.57,0.92,0.25
46,83.18,2.57,0.25
46,85.04,2.08,0.08
46,81.35,0.67,0.00
46,81.00,0.50,0.08
46,84.33,2.08,0.08
46,86.28,3.08,0.17
46,93.07,1.34,0.08
46,85.70,0.91,0.08
46,84.00,0.33,0.08
46,84.11,1.66,0.75
46,81.42,1.58,0.33
46,82.11,1.33,0.08
46,91.62,1.34,0.25
46,83.10,1.75,0.08
46,83.42,0.75,0.17
46,81.90,0.58,0.17
46,85.23,1.24,0.08
46,87.10,1.59,0.00
46,84.35,1.67,0.29
51,83.58,0.83,0.17
51,85.83,1.42,0.08
51,83.19,0.84,0.25
51,82.31,1.08,0.08
51,81.65,0.67,0.00
51,81.31,0.66,0.17
51,82.83,0.58,0.00
51,80.87,0.42,0.08
51,83.24,1.08,0.17
51,81.45,0.25,0.17
51,82.53,0.83,0.17
51,81.79,0.75,0.00
51,81.64,0.67,0.08
51,81.98,0.83,0.08
51,82.05,0.67,0.00
51,82.02,0.59,0.00
51,81.98,0.83,0.00
51,81.95,0.67,0.00
51,81.21,0.67,0.08
51,82.61,0.67,0.17
51,81.18,0.25,0.08
51,83.04,0.84,0.08
51,82.45,0.75,0.25
51,83.31,0.75,0.00
51,82.29,1.09,0.17
51,82.30,0.67,0.00
51,83.04,0.75,0.00
51,83.67,1.00,0.17
51,83.99,1.84,0.25
51,80.67,0.42,0.17
51,82.40,0.78,0.10
56,86.05,1.00,0.17
56,88.57,2.09,0.00
56,82.64,0.83,0.08
56,83.22,0.75,0.17
56,86.61,1.75,0.08
56,82.82,1.75,0.08
56,80.85,0.25,0.08
56,84.76,2.58,0.00
56,83.49,0.92,0.00
56,81.67,0.58,0.33
56,80.33,0.41,0.00
56,85.12,0.92,0.00
56,88.92,2.75,0.17
56,85.83,3.31,0.17
56,91.74,1.25,0.17
56,84.28,0.92,0.08
56,80.45,0.33,0.08
56,81.54,0.92,0.17
56,86.03,2.99,0.17
56,85.58,1.74,0.08
56,83.63,0.75,1.00
56,80.74,0.50,2.43
56,79.72,0.33,0.08
56,79.95,0.17,0.25
56,79.93,0.25,0.08
56,80.43,0.25,0.17
56,80.36,1.08,0.00
56,80.37,0.25,0.17
56,80.77,0.42,0.33
56,80.20,0.25,0.00
56,83.22,1.08,0.22
61,83.86,3.24,0.08
61,85.86,2.16,0.50
61,83.14,0.92,0.17
61,85.67,1.25,0.00
61,81.64,0.83,0.17
61,82.43,1.00,0.00
61,82.27,0.33,0.08
61,82.72,0.67,0.08
61,81.33,0.66,0.00
61,81.52,1.00,0.25
61,82.76,0.59,0.08
61,82.49,1.00,0.08
61,82.08,0.67,0.08
61,82.68,0.75,0.17
61,81.64,0.83,0.17
61,82.27,0.92,0.17
61,82.28,0.50,0.08
61,82.39,0.42,0.08
61,82.64,0.83,0.08
61,82.72,0.66,0.00
61,81.80,0.75,0.00
61,82.35,0.92,0.08
61,88.79,1.41,0.08
61,83.28,1.00,0.17
61,80.80,0.33,0.08
61,80.93,0.50,0.00
61,85.68,0.75,0.17
61,82.64,0.75,0.25
61,83.39,0.92,0.08
61,81.90,0.50,0.08
61,82.87,0.90,0.11
66,84.71,1.09,0.08
66,81.61,0.50,0.08
66,83.35,1.42,0.08
66,80.83,0.75,0.08
66,81.86,0.50,0.17
66,81.52,0.17,0.08
66,82.51,0.58,0.17
66,84.16,0.67,0.08
66,84.76,1.01,0.08
66,84.03,2.68,0.08
66,82.24,1.83,0.17
66,80.22,1.33,0.17
66,80.32,0.25,0.25
66,83.18,2.16,0.25
66,81.35,1.17,0.08
66,79.60,0.25,0.17
66,81.54,1.50,0.08
66,81.40,0.92,0.25
66,86.90,1.41,0.08
66,82.76,0.84,0.17
66,80.27,0.33,0.08
66,80.63,0.33,0.08
66,83.47,0.83,0.08
66,83.85,1.26,0.08
66,82.21,0.67,0.08
66,82.99,0.75,0.00
66,83.93,1.16,0.17
66,80.53,0.33,0.08
66,80.68,0.58,0.00
66,85.50,1.17,0.00
66,82.43,0.95,0.11
71,88.98,3.28,0.34
71,89.12,1.99,0.08
71,85.20,1.09,0.08
71,84.85,1.25,0.17
71,81.00,0.67,0.00
71,85.38,1.42,0.08
71,85.27,2.75,0.00
71,85.19,2.34,0.08
71,81.86,1.83,0.17
71,84.17,1.33,0.08
71,83.40,0.92,0.17
71,81.35,0.67,0.08
71,80.83,0.42,0.17
71,81.89,0.50,0.08
71,85.52,1.26,0.08
71,80.35,0.17,0.25
71,82.78,0.58,0.00
71,81.06,0.50,0.17
71,81.59,0.75,0.08
71,81.85,0.92,0.17
71,83.35,0.59,0.08
71,82.25,0.83,0.08
71,85.42,1.41,0.58
71,82.32,0.75,0.00
71,80.92,0.50,0.00
71,81.71,0.50,0.00
71,81.77,0.84,0.00
71,86.62,3.24,0.08
71,88.32,1.42,0.17
71,85.71,2.67,0.08
71,83.67,1.24,0.11
76,91.91,3.59,0.08
76,86.69,3.33,0.08
76,84.76,2.25,0.00
76,83.65,0.75,0.08
76,82.07,0.50,0.08
76,81.61,0.75,0.00
76,81.08,0.83,0.17
76,81.80,0.33,0.17
76,81.05,0.67,0.17
76,81.10,0.67,0.08
76,80.98,0.50,0.08
76,80.77,0.25,0.17
76,80.63,0.42,0.17
76,82.54,1.16,0.08
76,80.23,0.33,0.25
76,80.79,0.33,0.08
76,80.17,0.25,0.08
76,81.72,0.25,0.08
76,81.33,0.67,0.17
76,80.62,0.25,0.08
76,81.13,0.42,0.17
76,82.49,0.67,0.08
76,81.20,0.50,0.08
76,81.52,0.50,0.08
76,81.00,0.66,0.17
76,80.97,0.42,0.17
76,80.63,0.25,0.00
76,81.15,0.42,0.00
76,80.58,0.42,0.08
76,83.61,0.92,0.17
76,81.99,0.77,0.11
81,85.12,1.09,0.17
81,82.70,1.00,0.17
81,80.88,0.58,0.08
81,81.38,1.33,0.08
81,82.97,0.83,0.00
81,82.94,1.42,0.17
81,83.43,1.00,0.08
81,83.76,1.75,0.08
81,83.10,1.92,0.00
81,80.55,2.25,0.00
81,82.74,1.42,0.17
81,87.05,2.34,0.08
81,81.05,0.58,0.08
81,82.36,1.84,0.42
81,82.16,1.49,0.25
81,82.72,0.58,0.25
81,82.72,0.75,0.08
81,81.88,0.25,0.08
81,83.95,1.00,0.08
81,81.42,0.33,0.00
81,82.82,0.50,0.08
81,81.51,0.50,0.08
81,82.64,0.75,0.08
81,83.22,0.92,0.08
81,81.70,0.58,0.17
81,82.72,0.66,0.08
81,81.64,0.58,0.00
81,85.10,0.92,0.17
81,81.02,0.50,0.08
81,81.99,0.58,0.08
81,82.64,1.01,0.11
86,83.71,1.75,0.33
86,83.79,2.34,0.08
86,84.14,0.83,0.08
86,86.77,2.26,0.08
86,84.12,1.41,0.17
86,85.67,2.33,0.25
86,86.16,2.00,0.00
86,86.93,2.18,0.25
86,84.25,0.92,0.00
86,84.73,1.00,0.08
86,85.15,1.68,0.17
86,85.27,0.84,0.00
86,82.56,0.91,0.00
86,82.40,1.33,0.00
86,81.67,0.50,0.00
86,82.50,0.67,0.08
86,81.49,0.41,0.08
86,82.26,0.67,0.08
86,81.35,0.75,0.00
86,82.49,0.50,0.08
86,82.29,0.75,0.08
86,84.79,0.91,0.08
86,82.95,1.00,0.08
86,82.82,1.00,0.25
86,81.18,0.75,0.08
86,83.60,0.92,0.00
86,84.50,1.17,0.25
86,84.70,1.25,0.08
86,82.45,0.75,0.00
86,81.55,0.67,0.25
86,83.61,1.15,0.10
91,85.17,1.00,0.08
91,83.10,0.75,0.17
91,82.71,0.58,0.17
91,82.41,0.59,0.08
91,81.95,0.50,0.08
91,83.13,0.67,0.17
91,82.64,0.58,0.08
91,83.04,0.84,0.25
91,83.57,1.25,0.17
91,86.26,2.85,0.08
91,84.50,1.33,0.33
91,90.82,1.00,0.08
91,85.98,2.92,0.00
91,82.67,0.42,0.17
91,81.10,0.50,0.08
91,83.25,0.75,0.00
91,83.06,0.92,0.17
91,85.88,1.09,0.17
91,82.26,0.50,0.08
91,80.13,0.50,0.08
91,82.55,0.83,0.17
91,79.90,0.25,0.00
91,81.70,0.58,0.00
91,81.95,0.42,0.08
91,83.57,0.75,0.08
91,81.63,0.58,0.08
91,83.79,0.67,0.00
91,80.73,0.33,0.08
91,80.85,0.67,0.17
91,81.30,0.58,0.08
91,83.05,0.84,0.11
96,82.14,1.00,0.08
96,81.83,0.50,0.00
96,83.14,0.67,0.00
96,81.37,0.25,0.00
96,81.52,0.50,0.17
96,83.22,0.83,0.08
96,84.80,0.92,0.17
96,84.99,1.00,0.17
96,83.64,1.51,0.00
96,82.15,0.58,0.08
96,85.19,3.91,0.08
96,83.47,1.59,0.08
96,82.57,0.92,0.17
96,84.32,1.50,0.00
96,87.09,1.17,0.00
96,83.33,2.42,0.08
96,80.78,3.00,0.17
96,80.63,1.84,0.00
96,79.97,0.33,0.00
96,83.38,1.84,0.08
96,83.53,1.42,0.08
96,82.50,2.00,0.25
96,84.00,2.68,0.17
96,80.97,0.75,0.25
96,80.93,0.58,0.17
96,80.12,0.17,0.08
96,79.78,0.00,0.00
96,80.25,0.50,0.08
96,79.72,0.25,0.08
96,80.23,0.42,0.08
96,82.38,1.17,0.09
