deadline,usr,sys,iowait
100000,19.23,1.08,0.54
100000,24.27,1.45,0.46
100000,27.08,1.07,0.15
100000,24.60,1.38,0.00
100000,24.01,1.52,0.00
100000,24.75,2.11,0.08
100000,26.04,2.47,0.92
100000,23.98,1.84,1.15
100000,23.89,0.90,0.08
100000,24.89,1.21,0.15
100000,23.43,1.92,1.08
100000,22.75,1.15,0.38
100000,26.12,0.97,0.15
100000,29.16,0.66,0.15
100000,33.21,0.14,0.14
100000,29.32,0.96,0.07
100000,36.83,0.29,0.00
100000,31.44,0.22,0.29
100000,28.61,1.12,0.45
100000,21.97,1.45,0.46
100000,26.14,1.27,0.22
100000,25.26,0.90,0.15
100000,26.27,0.82,0.37
100000,23.91,0.60,0.45
100000,24.79,1.05,1.13
100000,24.91,0.45,0.15
100000,24.34,1.58,1.58
100000,24.85,0.98,0.15
100000,25.23,0.68,0.30
100000,31.76,0.36,0.07
100000,26.16,1.08,0.37
120000,21.17,1.14,0.15
120000,26.07,0.52,0.15
120000,25.91,0.15,0.15
120000,29.85,0.29,0.07
120000,26.15,0.82,0.22
120000,27.62,0.96,0.07
120000,27.72,0.81,0.15
120000,28.73,0.29,0.07
120000,28.61,0.37,0.15
120000,26.89,0.45,0.15
120000,21.28,0.53,0.23
120000,20.35,0.99,0.08
120000,21.50,1.07,0.46
120000,28.14,0.29,0.29
120000,24.85,0.67,0.07
120000,24.28,0.38,0.08
120000,24.93,0.89,0.45
120000,21.09,1.69,0.08
120000,21.38,0.84,0.23
120000,21.07,0.61,0.08
120000,25.45,0.30,0.00
120000,29.51,0.29,0.37
120000,29.69,0.36,0.00
120000,29.24,0.07,0.15
120000,30.26,0.51,0.07
120000,27.26,0.15,0.15
120000,28.19,0.59,0.29
120000,27.10,0.82,0.07
120000,27.08,0.30,0.07
120000,28.61,0.73,0.07
120000,26.05,0.59,0.15
140000,20.41,0.99,0.31
140000,33.51,0.53,0.38
140000,99.92,0.00,0.00
140000,99.33,0.33,0.00
140000,99.75,0.08,0.00
140000,99.50,0.08,0.00
140000,89.26,0.41,0.17
140000,25.30,0.67,0.15
140000,27.56,0.44,0.07
140000,28.74,0.37,0.07
140000,28.01,0.07,0.22
140000,26.31,0.59,1.03
140000,26.66,0.44,0.15
140000,28.76,0.07,0.15
140000,26.37,1.05,0.30
140000,28.24,0.22,0.07
140000,24.94,0.60,0.37
140000,23.44,0.53,0.38
140000,23.81,0.68,0.08
140000,63.10,1.44,0.56
140000,99.42,0.25,0.00
140000,99.67,0.08,0.00
140000,99.83,0.08,0.00
140000,99.42,0.42,0.00
140000,57.44,0.24,0.16
140000,26.89,0.07,0.07
140000,23.32,0.83,0.15
140000,27.28,0.22,0.07
140000,67.44,0.88,0.08
140000,99.50,0.33,0.00
140000,52.42,0.44,0.17
160000,99.25,0.50,0.00
160000,99.58,0.25,0.00
160000,99.42,0.17,0.00
160000,27.00,0.38,0.23
160000,27.13,0.29,0.00
160000,23.41,0.23,0.08
160000,26.73,0.44,0.00
160000,23.31,0.75,0.07
160000,78.26,1.23,0.00
160000,98.83,0.83,0.00
160000,99.25,0.58,0.00
160000,98.34,1.00,0.00
160000,99.25,0.42,0.00
160000,99.75,0.17,0.00
160000,98.92,0.75,0.00
160000,99.25,0.25,0.00
160000,99.17,0.33,0.00
160000,99.33,0.42,0.00
160000,99.17,0.33,0.00
160000,99.00,0.17,0.00
160000,98.84,0.42,0.00
160000,99.17,0.33,0.00
160000,99.33,0.25,0.00
160000,99.17,0.17,0.00
160000,99.25,0.58,0.00
160000,99.75,0.08,0.00
160000,99.33,0.33,0.00
160000,99.58,0.17,0.00
160000,99.83,0.00,0.00
160000,99.59,0.25,0.00
160000,85.11,0.40,0.01
180000,98.25,1.33,0.00
180000,99.17,0.25,0.00
180000,99.08,0.42,0.00
180000,99.08,0.67,0.00
180000,98.58,1.00,0.00
180000,99.00,0.75,0.00
180000,99.50,0.33,0.00
180000,73.20,0.25,0.00
180000,17.43,1.01,0.08
180000,16.52,1.65,0.16
180000,18.19,0.70,0.08
180000,20.18,0.61,0.23
180000,19.28,0.92,0.23
180000,20.93,2.02,0.16
180000,20.24,0.63,0.32
180000,19.87,0.95,0.24
180000,19.67,0.79,0.16
180000,19.19,0.40,0.08
180000,19.16,0.24,0.16
180000,18.70,0.16,0.40
180000,19.33,0.48,1.19
180000,18.95,0.08,0.48
180000,19.30,0.55,0.40
180000,19.15,0.40,0.08
180000,19.28,0.24,0.16
180000,18.71,0.32,0.40
180000,19.67,0.32,0.39
180000,19.21,0.24,0.24
180000,19.11,0.08,0.08
180000,20.83,1.20,0.08
180000,38.81,0.63,0.19
200000,12.51,1.68,0.56
200000,18.94,1.07,0.08
200000,17.76,0.93,0.39
200000,19.63,0.46,0.15
200000,17.80,0.85,0.23
200000,18.08,0.62,0.23
200000,16.46,0.78,0.08
200000,18.44,0.62,0.08
200000,16.49,0.86,0.23
200000,17.56,0.70,0.00
200000,16.15,1.87,0.16
200000,17.65,0.31,0.23
200000,18.82,0.61,0.38
200000,15.61,0.71,0.63
200000,17.29,0.78,0.31
200000,16.47,1.10,0.16
200000,17.74,1.41,1.33
200000,16.37,1.02,0.39
200000,17.93,2.45,0.16
200000,16.21,0.62,0.08
200000,17.11,0.70,0.00
200000,16.60,0.70,0.16
200000,16.10,0.46,0.15
200000,16.86,0.31,0.00
200000,14.39,1.02,1.17
200000,15.32,0.54,0.31
200000,16.72,0.39,0.00
200000,16.94,0.46,0.23
200000,17.17,0.23,0.31
200000,17.98,0.39,0.69
200000,16.98,0.82,0.29
220000,10.81,1.94,0.24
220000,16.12,1.99,0.08
220000,16.26,0.87,0.32
220000,18.48,0.69,0.00
220000,16.37,1.10,0.23
220000,16.67,1.57,0.16
220000,16.06,2.07,0.16
220000,13.16,1.11,0.00
220000,16.05,0.23,0.23
220000,17.58,0.23,0.15
220000,16.22,0.78,0.16
220000,15.57,1.72,0.23
220000,17.93,0.85,0.23
220000,17.73,0.84,0.08
220000,19.07,0.08,0.08
220000,19.19,0.23,0.15
220000,18.93,0.38,0.23
220000,21.07,0.08,0.45
220000,20.67,0.30,0.23
220000,20.43,0.30,0.00
220000,19.83,0.31,0.08
220000,17.07,0.69,0.23
220000,17.45,0.15,0.08
220000,18.53,0.23,0.23
220000,17.60,0.23,0.46
220000,18.31,0.23,0.15
220000,18.45,0.30,0.08
220000,18.62,0.08,0.00
220000,18.62,0.30,0.00
220000,18.94,0.31,0.00
220000,17.62,0.66,0.16
240000,12.46,0.47,0.24
240000,15.23,0.23,0.16
240000,17.13,0.69,0.15
240000,15.55,0.54,0.16
240000,14.54,0.23,0.16
240000,15.49,0.08,0.08
240000,17.55,0.23,0.08
240000,16.30,0.23,0.08
240000,16.87,0.31,0.08
240000,18.56,0.15,0.00
240000,16.07,0.39,0.31
240000,14.17,0.23,0.08
240000,15.58,0.47,0.16
240000,18.24,0.15,0.00
240000,16.00,0.70,0.15
240000,18.92,0.15,0.08
240000,16.96,0.23,0.00
240000,18.46,0.15,0.00
240000,18.74,0.23,0.23
240000,18.56,0.08,0.00
240000,16.35,0.31,0.15
240000,16.38,0.16,0.08
240000,17.62,0.23,0.00
240000,16.95,0.31,0.08
240000,15.58,0.23,0.31
240000,16.74,0.23,0.15
240000,17.24,0.46,0.23
240000,15.89,0.23,0.08
240000,17.50,0.00,0.00
240000,18.77,0.08,0.00
240000,16.69,0.27,0.11
260000,11.66,0.56,0.24
260000,15.61,0.23,0.16
260000,17.47,0.23,0.15
260000,17.59,0.23,0.00
260000,16.05,0.62,0.08
260000,15.33,0.16,0.16
260000,17.22,0.08,0.08
260000,16.31,0.61,0.00
260000,16.62,0.31,0.31
260000,16.81,0.08,0.23
260000,15.49,0.15,0.23
260000,17.38,0.38,0.00
260000,15.34,0.86,0.16
260000,16.86,0.38,0.08
260000,15.72,0.23,0.15
260000,17.40,0.23,0.08
260000,16.06,0.62,0.00
260000,17.17,0.31,0.08
260000,18.67,0.15,0.08
260000,17.48,0.23,0.08
260000,16.89,0.31,0.23
260000,17.72,0.23,0.08
260000,16.80,0.31,0.00
260000,16.37,0.31,0.23
260000,15.98,0.16,0.00
260000,16.38,0.39,0.23
260000,17.46,0.23,0.15
260000,17.88,0.23,0.08
260000,15.81,0.16,0.00
260000,19.03,0.38,0.00
260000,16.63,0.31,0.11
280000,12.44,0.94,0.24
280000,17.52,0.08,0.08
280000,17.33,0.31,0.15
280000,13.65,0.63,0.08
280000,12.41,0.95,1.19
280000,10.97,1.13,1.37
280000,13.06,2.10,0.65
280000,13.18,2.16,2.08
280000,12.25,1.84,0.32
280000,11.64,0.64,0.40
280000,15.49,1.12,0.08
280000,14.04,1.03,0.08
280000,14.64,0.40,0.16
280000,14.34,0.80,0.00
280000,13.60,0.63,0.08
280000,15.19,0.23,0.16
280000,14.68,0.31,0.16
280000,16.13,0.31,0.00
280000,12.05,0.32,0.16
280000,12.23,1.19,0.16
280000,15.35,0.95,0.47
280000,12.87,0.64,0.08
280000,12.77,0.39,0.71
280000,16.96,0.00,0.08
280000,16.67,0.38,0.08
280000,15.30,0.16,0.16
280000,16.16,0.08,0.08
280000,15.92,0.31,0.23
280000,17.14,0.00,0.08
280000,15.62,0.23,0.08
280000,14.41,0.67,0.32
300000,9.83,1.06,0.24
300000,14.53,0.23,0.16
300000,15.57,0.31,0.08
300000,15.53,0.16,0.08
300000,14.07,0.16,0.00
300000,13.06,0.31,0.24
300000,15.84,0.39,0.00
300000,14.93,0.23,0.15
300000,15.30,0.08,0.08
300000,14.80,0.31,0.08
300000,12.74,0.39,0.24
300000,13.43,0.87,0.24
300000,15.61,0.15,0.08
300000,15.59,0.39,0.16
300000,13.16,0.24,0.24
300000,13.84,0.39,0.08
300000,14.21,0.16,0.08
300000,14.94,0.39,0.00
300000,14.62,0.39,0.08
300000,15.59,0.15,0.00
300000,13.31,0.16,0.31
300000,14.50,0.16,0.62
300000,15.72,0.55,0.31
300000,14.05,0.16,0.00
300000,14.86,0.31,0.00
300000,14.72,0.00,0.16
300000,15.58,0.16,0.16
300000,15.17,0.46,0.08
300000,14.23,0.23,0.00
300000,16.14,0.15,0.08
300000,14.53,0.30,0.13
320000,10.67,1.30,0.16
320000,14.21,0.23,0.00
320000,14.06,0.23,0.08
320000,13.32,0.39,0.08
320000,12.97,0.24,0.24
320000,13.15,0.16,0.08
320000,13.64,0.63,0.08
320000,15.21,0.16,0.08
320000,14.85,0.23,0.00
320000,11.84,0.24,0.24
320000,14.37,0.39,0.00
320000,13.80,0.16,0.08
320000,13.97,0.08,0.16
320000,13.53,0.23,0.00
320000,14.55,0.47,0.16
320000,13.72,0.16,0.16
320000,14.35,0.08,0.08
320000,13.91,0.31,0.00
320000,13.78,0.39,0.00
320000,13.55,0.23,0.31
320000,14.55,0.47,0.00
320000,11.07,1.20,0.00
320000,10.39,1.29,3.38
320000,12.23,1.04,0.48
320000,12.35,1.67,0.16
320000,13.41,0.16,0.00
320000,15.49,0.39,0.15
320000,10.39,1.52,0.00
320000,15.16,0.16,0.08
320000,10.14,0.72,0.16
320000,13.30,0.49,0.21
340000,11.38,1.04,0.08
340000,10.51,1.12,0.32
340000,11.31,0.40,0.08
340000,10.90,0.32,0.16
340000,12.12,1.19,0.32
340000,13.41,0.79,0.24
340000,12.32,0.71,0.32
340000,13.97,0.47,0.08
340000,11.52,0.48,0.24
340000,11.00,0.72,0.80
340000,12.03,0.96,0.08
340000,12.06,0.88,0.32
340000,12.91,0.48,0.08
340000,12.11,0.24,0.08
340000,10.34,0.72,0.08
340000,12.61,0.71,0.63
340000,11.18,1.04,0.40
340000,15.60,0.23,0.00
340000,15.11,0.31,0.08
340000,13.66,0.39,0.08
340000,14.25,0.31,0.08
340000,13.74,0.23,0.16
340000,14.30,0.16,0.08
340000,14.80,0.31,0.00
340000,13.59,0.39,0.23
340000,14.39,0.39,0.15
340000,13.56,0.24,0.08
340000,15.01,0.16,0.00
340000,14.24,0.08,0.08
340000,12.84,0.55,0.23
340000,12.91,0.53,0.18
360000,9.77,0.73,0.16
360000,12.16,0.16,0.32
360000,12.78,0.31,0.16
360000,12.76,0.39,0.08
360000,13.33,0.16,0.00
360000,11.16,0.08,0.16
360000,12.06,0.16,0.08
360000,10.33,0.95,0.16
360000,10.94,0.24,0.08
360000,10.37,0.40,0.00
360000,12.17,0.08,0.16
360000,13.27,0.23,0.08
360000,13.39,0.31,0.00
360000,11.76,0.32,0.08
360000,12.12,0.39,0.31
360000,11.25,0.16,0.08
360000,11.94,0.16,0.16
360000,12.42,0.24,0.00
360000,12.36,0.31,0.16
360000,12.68,0.16,0.24
360000,13.60,0.55,0.00
360000,13.47,0.08,0.08
360000,13.05,0.08,0.24
360000,12.53,0.08,0.08
360000,11.12,0.24,0.16
360000,12.54,0.08,0.16
360000,12.87,0.24,0.00
360000,13.49,0.16,0.16
360000,12.55,0.63,0.08
360000,13.30,0.00,0.00
360000,12.26,0.27,0.11
380000,10.43,0.49,0.08
380000,11.79,0.31,0.16
380000,12.18,0.08,0.08
380000,11.11,0.39,0.08
380000,12.04,0.16,0.16
380000,11.75,0.08,0.08
380000,11.69,0.08,0.08
380000,11.80,0.32,0.16
380000,11.56,0.16,0.08
380000,10.46,1.44,0.08
380000,11.15,0.24,0.16
380000,12.78,0.16,0.24
380000,12.39,0.16,0.16
380000,11.52,0.55,1.10
380000,11.69,0.31,0.08
380000,12.15,0.32,0.08
380000,12.10,0.55,0.16
380000,13.29,0.16,0.08
380000,12.48,0.24,0.08
380000,11.99,0.55,0.08
380000,11.48,0.32,0.16
380000,13.60,0.39,0.00
380000,12.56,0.31,0.08
380000,12.52,0.31,0.08
380000,12.91,0.31,0.00
380000,12.55,0.24,0.08
380000,12.93,0.08,0.08
380000,12.48,0.47,0.00
380000,12.14,0.00,0.16
380000,13.21,0.16,0.00
380000,12.09,0.31,0.13
400000,9.75,0.73,0.16
400000,12.34,0.31,0.08
400000,12.09,0.40,0.08
400000,10.76,0.24,0.24
400000,12.73,0.08,0.16
400000,12.97,0.31,0.00
400000,12.32,0.16,0.31
400000,12.14,0.39,0.32
400000,13.46,0.39,0.16
400000,12.49,0.31,0.08
400000,11.50,0.55,0.24
400000,12.67,0.31,0.08
400000,12.34,0.16,0.00
400000,11.63,0.40,0.16
400000,12.50,0.24,0.08
400000,11.93,0.00,0.00
400000,11.83,0.24,0.00
400000,11.08,0.40,0.16
400000,12.36,0.39,0.08
400000,12.72,0.39,0.16
400000,12.83,0.23,0.00
400000,13.07,0.16,0.00
400000,11.54,0.08,0.16
400000,10.93,0.16,0.24
400000,12.23,0.24,0.08
400000,12.32,0.31,0.08
400000,11.68,0.39,0.08
400000,12.08,0.39,0.16
400000,12.20,0.24,0.16
400000,11.92,0.39,0.16
400000,12.08,0.30,0.12
420000,9.78,0.81,0.24
420000,10.85,0.48,0.24
420000,11.88,0.16,0.08
420000,11.96,0.08,0.16
420000,12.58,0.16,0.00
420000,11.95,0.31,0.08
420000,12.18,0.40,0.08
420000,12.23,1.36,0.08
420000,11.47,0.08,0.24
420000,12.24,0.39,0.16
420000,10.56,0.48,0.00
420000,11.47,0.32,0.08
420000,10.61,0.40,0.00
420000,11.65,0.16,0.08
420000,11.58,0.32,0.08
420000,12.95,0.16,0.00
420000,12.67,0.24,0.08
420000,11.08,0.32,0.16
420000,11.09,0.24,0.16
420000,13.24,0.08,0.08
420000,12.09,0.32,0.08
420000,10.94,0.40,0.08
420000,12.26,0.24,0.08
420000,12.18,0.16,0.08
420000,11.47,0.24,0.55
420000,12.26,0.08,0.00
420000,12.74,0.24,0.16
420000,11.85,0.47,0.16
420000,12.09,0.16,0.00
420000,12.33,0.23,0.23
420000,11.81,0.31,0.12
440000,8.14,0.81,0.08
440000,9.96,0.40,0.24
440000,11.08,0.24,0.08
440000,12.20,0.39,0.00
440000,11.30,0.08,0.00
440000,11.15,0.40,0.08
440000,11.76,0.16,0.08
440000,11.49,0.39,0.24
440000,10.98,0.08,0.16
440000,11.28,0.16,0.08
440000,9.78,0.08,0.16
440000,9.42,0.24,0.24
440000,11.08,0.16,0.00
440000,10.41,0.24,0.16
440000,10.94,0.40,0.00
440000,11.28,0.39,0.16
440000,10.40,0.24,0.16
440000,10.10,0.24,0.08
440000,11.39,0.32,0.08
440000,10.63,0.00,0.08
440000,11.95,0.31,0.00
440000,10.13,0.16,0.00
440000,11.96,0.16,0.08
440000,11.09,0.24,0.00
440000,11.23,0.08,0.00
440000,10.94,0.40,0.16
440000,10.95,0.24,0.24
440000,11.59,0.08,0.08
440000,10.97,0.00,0.08
440000,10.69,0.16,0.08
440000,10.88,0.24,0.10
460000,9.29,0.56,0.00
460000,10.02,0.47,0.16
460000,10.28,0.08,0.00
460000,11.44,0.32,0.16
460000,9.43,0.32,0.32
460000,10.64,0.48,0.00
460000,10.94,0.97,0.16
460000,10.15,0.32,0.08
460000,10.55,0.16,0.08
460000,9.64,0.24,0.64
460000,9.71,0.24,0.00
460000,11.15,0.24,0.00
460000,11.30,0.32,0.24
460000,11.29,0.16,0.00
460000,11.30,0.16,0.00
460000,10.74,0.40,0.08
460000,9.18,0.64,0.32
460000,10.85,0.48,0.16
460000,9.17,0.08,0.16
460000,10.51,0.16,0.08
460000,10.08,0.40,0.16
460000,10.68,0.40,0.00
460000,9.89,0.24,0.08
460000,9.76,0.24,0.00
460000,9.89,0.48,0.00
460000,9.69,0.40,0.16
460000,9.66,0.08,0.08
460000,10.36,0.40,0.16
460000,10.95,0.24,0.00
460000,9.35,0.00,0.00
460000,10.27,0.32,0.11
480000,6.06,0.74,0.08
480000,8.35,0.40,0.32
480000,9.65,0.16,0.08
480000,9.39,0.32,0.16
480000,8.76,0.24,0.24
480000,8.68,0.40,0.08
480000,9.55,0.48,0.08
480000,8.97,0.08,0.08
480000,9.60,0.32,0.32
480000,9.19,0.24,0.24
480000,8.39,0.40,0.16
480000,10.16,0.16,0.08
480000,10.54,0.16,0.00
480000,9.75,0.40,0.00
480000,10.31,0.32,0.08
480000,9.36,0.48,0.00
480000,9.74,0.08,0.08
480000,8.86,0.48,0.08
480000,9.09,0.24,0.08
480000,9.03,0.32,0.08
480000,9.08,0.40,0.08
480000,9.95,0.24,0.16
480000,8.78,0.24,0.00
480000,9.90,0.16,0.00
480000,9.15,0.40,0.00
480000,9.35,0.16,0.24
480000,8.57,0.16,0.16
480000,10.23,0.40,0.24
480000,9.81,0.16,0.08
480000,8.95,0.24,0.08
480000,9.24,0.30,0.11
