cpus_count,usr,sys,iowait
1,10.28,0.92,0.08
1,8.70,0.83,0.00
1,8.44,0.42,0.00
1,11.20,1.68,0.00
1,9.00,1.50,0.00
1,9.21,0.42,0.08
1,10.97,1.17,0.00
1,14.35,1.09,0.08
1,11.38,1.67,0.25
1,11.95,2.09,0.08
1,17.63,1.50,0.00
1,13.95,1.34,0.08
1,15.93,2.10,0.00
1,14.31,1.17,0.00
1,11.60,1.25,0.00
1,14.65,1.17,0.08
1,10.60,1.00,0.00
1,11.47,1.83,0.08
1,9.36,1.67,0.08
1,12.75,1.67,0.08
1,13.90,1.42,0.00
1,14.75,1.01,0.08
1,10.18,1.17,0.00
1,8.87,1.00,0.17
1,9.90,1.51,0.08
1,13.20,1.50,0.00
1,11.31,1.66,0.00
1,10.92,1.92,0.17
1,8.50,0.58,0.08
1,8.26,0.58,0.08
1,11.58,1.30,0.06
2,18.68,1.25,0.08
2,15.85,1.08,0.00
2,16.25,0.83,0.08
2,16.25,0.75,0.08
2,16.46,0.75,0.00
2,15.91,0.92,0.08
2,16.32,0.83,0.08
2,18.40,2.02,0.00
2,17.07,1.58,0.00
2,19.53,2.01,0.17
2,19.55,2.09,0.08
2,22.62,1.75,0.00
2,18.93,1.26,0.08
2,21.48,2.33,0.08
2,17.99,1.51,0.00
2,18.94,1.84,0.08
2,21.87,2.17,0.17
2,20.87,1.84,0.00
2,20.77,1.84,0.00
2,20.30,2.00,0.00
2,17.68,1.83,0.00
2,17.71,1.16,0.08
2,16.57,1.00,0.17
2,16.46,1.25,0.17
2,15.93,1.00,0.00
2,15.75,1.08,0.00
2,18.08,0.67,0.00
2,21.46,2.91,0.17
2,17.09,1.84,0.00
2,18.80,2.01,0.25
2,18.32,1.51,0.06
3,23.37,1.42,0.17
3,23.98,1.67,0.00
3,24.11,1.25,0.00
3,24.37,1.34,0.00
3,24.40,1.33,0.17
3,25.06,1.74,0.08
3,24.29,1.25,0.00
3,24.31,1.25,0.08
3,24.04,1.50,0.08
3,25.58,1.92,0.00
3,24.00,1.51,0.00
3,24.10,1.26,0.08
3,24.27,1.42,0.08
3,25.71,1.92,0.00
3,23.71,1.50,0.00
3,23.94,1.58,0.17
3,24.33,1.25,0.00
3,30.16,1.34,0.17
3,32.64,1.41,0.00
3,32.33,1.33,0.08
3,32.41,1.26,0.08
3,32.72,1.08,0.25
3,27.63,1.50,0.00
3,24.37,1.17,0.08
3,24.10,1.17,0.00
3,24.42,1.58,0.08
3,24.67,1.25,0.00
3,24.58,1.34,0.00
3,24.21,1.91,0.17
3,24.31,1.67,0.17
3,25.74,1.44,0.07
4,32.56,2.16,0.08
4,32.83,2.74,0.25
4,32.16,2.09,0.00
4,32.47,1.51,0.00
4,32.33,1.67,0.00
4,32.81,1.99,0.08
4,32.41,2.27,0.00
4,32.55,2.17,0.17
4,32.33,1.92,0.00
4,32.75,1.75,0.08
4,32.45,1.83,0.08
4,32.23,2.24,0.25
4,32.44,1.67,0.00
4,32.59,2.00,0.25
4,32.05,1.92,0.00
4,32.44,1.42,0.00
4,33.56,2.42,0.17
4,33.03,2.01,0.00
4,32.78,2.00,0.00
4,32.00,1.59,0.00
4,32.08,1.42,0.00
4,32.02,1.51,0.00
4,32.01,1.58,0.08
4,32.28,1.67,0.00
4,33.58,3.09,0.00
4,32.94,2.25,0.08
4,34.23,2.43,0.17
4,33.89,1.92,0.08
4,34.26,2.85,0.25
4,33.28,2.26,0.08
4,32.71,2.01,0.07
5,44.18,4.10,0.25
5,44.61,3.51,0.25
5,49.33,4.92,0.25
5,42.16,2.68,0.08
5,40.78,2.84,0.00
5,42.74,2.59,0.17
5,43.38,3.10,0.25
5,43.81,3.16,0.17
5,41.15,3.09,0.67
5,43.19,3.01,0.17
5,40.82,2.42,0.00
5,43.06,4.01,0.17
5,41.68,3.66,0.33
5,45.16,2.94,0.08
5,43.22,3.54,0.08
5,43.21,2.58,0.08
5,43.00,2.43,0.25
5,42.25,2.50,0.17
5,39.97,2.50,0.00
5,40.75,1.91,0.00
5,41.12,2.17,0.00
5,40.70,2.42,0.00
5,40.87,2.25,0.08
5,42.81,2.59,0.17
5,42.44,2.59,0.08
5,39.52,2.66,0.00
5,41.17,3.01,0.00
5,44.97,4.11,0.00
5,44.49,3.51,0.17
5,43.86,2.74,0.17
5,42.68,2.98,0.14
6,54.64,4.68,0.17
6,49.21,4.25,0.08
6,47.71,2.99,0.00
6,48.08,2.50,0.08
6,47.83,2.34,0.00
6,47.91,2.51,0.00
6,48.04,2.16,0.08
6,48.29,2.34,0.08
6,47.75,2.50,0.08
6,47.96,2.91,0.08
6,48.03,2.26,0.08
6,48.05,2.73,0.17
6,47.99,2.68,0.00
6,47.67,2.50,0.08
6,48.04,2.41,0.00
6,48.33,1.84,0.00
6,47.75,2.84,0.00
6,48.71,1.92,0.17
6,47.84,2.33,0.25
6,47.63,2.75,0.08
6,47.37,2.84,0.08
6,47.71,2.59,0.00
6,47.79,2.75,0.08
6,47.87,2.42,0.25
6,47.67,2.66,0.00
6,48.37,2.17,0.00
6,48.00,2.33,0.00
6,48.12,2.42,0.08
6,47.71,2.75,0.00
6,47.91,2.60,0.08
6,48.20,2.63,0.07
7,56.00,3.25,0.00
7,56.30,3.00,0.08
7,55.67,2.83,0.00
7,55.82,2.75,0.17
7,55.52,3.01,0.00
7,56.20,3.41,0.08
7,56.15,2.59,0.00
7,56.70,2.08,0.08
7,56.00,2.75,0.00
7,57.43,3.59,0.08
7,55.79,3.08,0.00
7,55.68,3.17,0.08
7,55.47,2.92,0.17
7,56.26,2.67,0.00
7,55.70,2.83,0.00
7,55.97,2.42,0.00
7,55.54,3.08,0.00
7,56.15,2.68,0.08
7,56.04,2.66,0.00
7,56.30,2.25,0.00
7,56.54,2.98,0.00
7,56.26,2.34,0.08
7,55.55,3.09,0.17
7,55.60,3.73,0.25
7,55.79,2.83,0.00
7,55.93,2.67,0.00
7,55.66,2.66,0.00
7,56.38,2.67,0.00
7,55.88,2.92,0.17
7,56.33,2.33,0.08
7,56.02,2.84,0.05
8,65.72,3.92,0.00
8,62.68,4.07,0.00
8,63.46,3.16,0.08
8,63.58,3.09,0.08
8,63.77,2.75,0.00
8,62.98,3.94,0.00
8,63.61,3.16,0.00
8,63.83,3.01,0.00
8,63.47,3.50,0.08
8,63.33,3.50,0.08
8,63.11,3.50,0.08
8,63.00,3.58,0.08
8,63.50,3.17,0.00
8,63.64,2.84,0.00
8,63.45,3.08,0.00
8,62.80,3.50,0.00
8,63.01,3.57,0.00
8,62.86,3.66,0.00
8,63.35,3.90,0.17
8,63.46,2.84,0.00
8,63.11,3.58,0.00
8,63.42,3.25,0.00
8,63.14,3.50,0.00
8,62.81,3.91,0.08
8,63.14,3.34,0.00
8,63.45,3.08,0.08
8,63.63,3.01,0.00
8,63.73,2.91,0.08
8,63.95,3.16,0.08
8,63.77,3.34,0.00
8,63.42,3.36,0.03
9,73.37,4.52,0.00
9,71.75,3.83,0.08
9,72.08,3.23,0.00
9,72.32,3.24,0.08
9,71.97,3.51,0.08
9,71.87,3.98,0.08
9,71.85,3.17,0.00
9,72.07,3.33,0.00
9,72.34,3.16,0.08
9,72.99,5.18,0.00
9,71.32,4.26,0.08
9,71.75,3.58,0.25
9,72.17,3.17,0.00
9,72.11,3.00,0.00
9,72.08,3.42,0.08
9,71.79,3.42,0.00
9,71.46,3.93,0.00
9,71.56,3.92,0.08
9,71.92,3.58,0.00
9,72.46,2.83,0.00
9,71.81,3.50,0.00
9,71.77,3.75,0.08
9,71.92,3.17,0.00
9,72.08,3.75,0.17
9,72.43,2.66,0.00
9,72.54,3.01,0.00
9,71.80,3.68,0.00
9,70.83,4.08,0.08
9,71.43,3.59,0.08
9,71.05,4.16,0.08
9,71.96,3.59,0.05
10,79.20,5.99,0.00
10,79.43,3.83,0.00
10,79.11,4.09,0.00
10,78.77,4.58,0.08
10,78.54,4.99,0.08
10,80.50,3.08,0.08
10,80.58,3.75,0.00
10,79.30,4.34,0.00
10,79.95,3.74,0.00
10,81.02,3.76,0.17
10,79.37,4.24,0.08
10,79.72,4.09,0.08
10,80.27,3.58,0.00
10,79.33,4.35,0.08
10,80.13,3.57,0.08
10,80.02,3.83,0.00
10,79.47,3.91,0.08
10,79.82,3.92,0.08
10,80.42,3.67,0.08
10,79.72,4.01,0.00
10,80.23,3.84,0.08
10,79.18,4.41,0.00
10,80.10,3.51,0.00
10,80.02,3.83,0.00
10,78.60,4.83,0.00
10,79.75,3.75,0.00
10,78.23,5.34,0.08
10,79.68,4.58,0.08
10,80.20,3.49,0.08
10,79.95,4.16,0.08
10,79.69,4.10,0.05
11,86.67,5.25,0.00
11,87.07,4.25,0.00
11,87.16,4.75,0.08
11,87.33,4.67,0.00
11,87.76,3.66,0.00
11,88.17,3.50,0.08
11,88.13,3.60,0.00
11,87.24,4.06,0.00
11,87.26,4.33,0.00
11,88.76,5.50,0.08
11,87.57,4.09,0.00
11,87.30,4.32,0.17
11,88.03,4.02,0.08
11,88.35,3.58,0.08
11,88.25,4.08,0.00
11,88.63,3.34,0.00
11,87.41,4.59,0.00
11,87.67,4.25,0.08
11,88.02,3.99,0.00
11,87.99,3.67,0.00
11,88.32,3.84,0.08
11,87.78,4.27,0.00
11,87.38,4.73,0.00
11,87.58,4.50,0.00
11,88.10,3.91,0.00
11,88.45,3.85,0.00
11,87.76,4.41,0.00
11,86.51,5.41,0.00
11,87.20,4.66,0.08
11,87.93,4.50,0.17
11,87.73,4.25,0.03
12,93.49,4.42,0.00
12,94.67,4.75,0.00
12,94.67,4.83,0.00
12,93.75,5.75,0.00
12,95.09,4.33,0.00
12,94.75,4.59,0.00
12,94.16,5.34,0.00
12,93.98,5.43,0.00
12,94.19,5.15,0.00
12,94.16,5.42,0.00
12,95.57,3.93,0.00
12,94.26,5.07,0.00
12,94.92,4.66,0.00
12,94.66,4.84,0.00
12,94.58,4.92,0.00
12,94.84,4.58,0.00
12,94.67,4.75,0.00
12,95.33,4.17,0.00
12,94.25,5.00,0.00
12,95.25,4.00,0.00
12,94.01,4.99,0.00
12,94.68,4.57,0.00
12,95.07,4.18,0.00
12,94.41,5.01,0.00
12,94.67,4.66,0.00
12,94.83,4.42,0.00
12,94.50,4.67,0.00
12,94.77,4.32,0.00
12,94.25,5.00,0.00
12,94.25,4.84,0.00
12,94.56,4.75,0.00
13,93.17,5.00,0.00
13,94.32,4.92,0.00
13,94.58,4.75,0.00
13,94.83,4.42,0.00
13,94.83,4.50,0.00
13,94.09,5.24,0.00
13,94.57,4.76,0.00
13,95.08,4.50,0.00
13,95.33,4.26,0.00
13,93.78,5.64,0.00
13,95.99,3.60,0.00
13,95.26,4.24,0.00
13,95.57,4.01,0.00
13,94.59,4.99,0.00
13,94.93,4.49,0.00
13,95.07,4.43,0.00
13,94.76,4.74,0.00
13,94.42,4.91,0.00
13,94.75,4.75,0.00
13,95.33,4.17,0.00
13,95.08,4.42,0.00
13,94.83,4.59,0.00
13,95.91,3.76,0.00
13,94.68,4.82,0.00
13,95.00,4.50,0.00
13,95.34,4.08,0.00
13,95.82,3.76,0.00
13,90.85,7.49,0.00
13,92.33,6.01,0.00
13,92.73,5.43,0.00
13,94.59,4.71,0.00
14,91.25,6.00,0.00
14,91.35,6.99,0.00
14,91.60,6.65,0.00
14,92.76,5.75,0.00
14,92.51,5.66,0.00
14,93.73,4.93,0.00
14,94.18,4.57,0.00
14,93.58,5.25,0.00
14,92.83,5.75,0.00
14,93.42,5.08,0.00
14,93.16,5.34,0.00
14,92.77,5.56,0.00
14,94.33,4.33,0.00
14,93.83,4.92,0.00
14,93.51,4.83,0.00
14,93.66,5.09,0.00
14,93.68,4.74,0.00
14,94.54,4.39,0.00
14,93.16,5.25,0.00
14,93.60,4.99,0.00
14,93.49,5.09,0.00
14,93.67,5.17,0.00
14,94.16,4.84,0.00
14,93.83,5.09,0.00
14,93.42,5.42,0.00
14,95.00,4.08,0.00
14,94.15,4.76,0.00
14,93.39,5.37,0.00
14,92.51,5.99,0.00
14,93.24,5.51,0.00
14,93.34,5.25,0.00
15,92.17,6.17,0.00
15,94.33,5.17,0.00
15,95.50,4.08,0.00
15,94.50,4.92,0.00
15,94.84,4.75,0.00
15,94.27,4.98,0.00
15,94.93,4.58,0.00
15,94.00,5.50,0.00
15,95.50,3.92,0.00
15,93.41,6.17,0.00
15,95.58,4.17,0.00
15,95.34,4.16,0.00
15,94.83,4.75,0.00
15,94.51,5.07,0.00
15,95.49,4.09,0.00
15,93.84,5.66,0.00
15,94.75,4.91,0.00
15,94.82,4.76,0.00
15,94.75,4.83,0.00
15,94.91,4.67,0.00
15,94.17,5.33,0.00
15,94.91,4.75,0.00
15,94.51,5.16,0.00
15,95.08,4.59,0.00
15,94.85,4.90,0.00
15,95.41,4.34,0.00
15,93.92,4.92,0.00
15,91.36,6.89,0.00
15,92.68,5.57,0.00
15,92.42,6.08,0.00
15,94.38,5.00,0.00
16,91.92,5.50,0.00
16,92.33,6.42,0.00
16,92.67,5.91,0.00
16,93.41,5.09,0.00
16,93.26,5.41,0.00
16,93.66,4.75,0.00
16,93.58,5.17,0.00
16,93.43,4.90,0.00
16,94.00,4.83,0.00
16,93.32,5.34,0.00
16,92.92,5.58,0.00
16,93.07,5.26,0.00
16,93.25,5.33,0.00
16,91.44,6.82,0.00
16,91.58,6.67,0.00
16,91.42,6.99,0.00
16,90.70,7.39,0.00
16,94.99,4.18,0.00
16,94.25,4.91,0.00
16,93.68,5.57,0.00
16,94.42,4.83,0.00
16,95.00,4.33,0.00
16,95.41,3.75,0.00
16,95.59,3.83,0.00
16,94.82,4.59,0.00
16,95.17,4.49,0.00
16,93.99,4.84,0.00
16,94.33,5.00,0.00
16,94.83,4.75,0.00
16,92.62,5.97,0.00
16,93.50,5.28,0.00
