cpus_count,kB_read/s,kB_write/s
1,162.19,0.00
1,428.00,0.00
1,0.00,0.00
1,0.00,0.00
1,2396.00,0.00
1,0.00,0.00
1,236.00,0.00
1,148.00,0.00
1,0.00,0.00
1,196.00,0.00
1,1688.00,0.00
1,0.00,0.00
1,256.00,0.00
1,4.00,0.00
1,2060.00,0.00
1,0.00,0.00
1,292.00,0.00
1,120.00,0.00
1,0.00,0.00
1,168.00,0.00
1,248.00,0.00
1,76.00,0.00
1,892.00,0.00
1,0.00,0.00
1,2128.00,0.00
1,272.00,0.00
1,8.00,0.00
1,0.00,0.00
1,196.00,0.00
1,360.00,0.00
2,162.20,0.00
2,208.00,0.00
2,0.00,0.00
2,48.00,0.00
2,772.00,0.00
2,624.00,0.00
2,168.00,0.00
2,2192.00,0.00
2,624.00,0.00
2,0.00,0.00
2,164.00,0.00
2,204.00,0.00
2,108.00,0.00
2,172.00,0.00
2,192.00,0.00
2,0.00,0.00
2,0.00,0.00
2,656.00,0.00
2,2044.00,0.00
2,240.00,0.00
2,0.00,0.00
2,0.00,0.00
2,64.00,0.00
2,780.00,0.00
2,1008.00,0.00
2,0.00,0.00
2,0.00,0.00
2,0.00,0.00
2,236.00,0.00
2,2768.00,0.00
3,162.20,0.00
3,200.00,0.00
3,0.00,0.00
3,84.00,0.00
3,0.00,0.00
3,828.00,0.00
3,136.00,0.00
3,56.00,0.00
3,0.00,0.00
3,2456.00,0.00
3,1588.00,0.00
3,0.00,0.00
3,112.00,0.00
3,136.00,0.00
3,72.00,0.00
3,0.00,0.00
3,1796.00,0.00
3,0.00,0.00
3,232.00,0.00
3,160.00,0.00
3,12.00,0.00
3,0.00,0.00
3,2532.00,0.00
3,0.00,0.00
3,232.00,0.00
3,0.00,0.00
3,0.00,0.00
3,0.00,0.00
3,0.00,0.00
3,172.00,0.00
4,162.21,0.00
4,372.00,0.00
4,436.00,0.00
4,2172.00,0.00
4,852.00,0.00
4,0.00,0.00
4,216.00,0.00
4,0.00,0.00
4,20.00,0.00
4,676.00,0.00
4,168.00,0.00
4,132.00,0.00
4,80.00,0.00
4,0.00,0.00
4,2632.00,0.00
4,796.00,0.00
4,0.00,0.00
4,236.00,0.00
4,0.00,0.00
4,0.00,0.00
4,0.00,0.00
4,0.00,0.00
4,320.00,0.00
4,164.00,0.00
4,0.00,0.00
4,16.00,0.00
4,0.00,0.00
4,0.00,0.00
4,776.00,0.00
4,2816.00,0.00
5,162.22,0.00
5,816.00,0.00
5,3272.00,0.00
5,500.00,0.00
5,468.00,0.00
5,780.00,0.00
5,84.00,0.00
5,200.00,0.00
5,356.44,0.00
5,272.00,0.00
5,3920.00,0.00
5,0.00,0.00
5,588.00,0.00
5,480.00,0.00
5,224.00,0.00
5,180.00,0.00
5,36.00,0.00
5,140.00,0.00
5,1020.00,0.00
5,0.00,0.00
5,0.00,0.00
5,0.00,0.00
5,1904.00,0.00
5,0.00,0.00
5,4688.00,0.00
5,0.00,0.00
5,0.00,0.00
5,0.00,0.00
5,24.00,0.00
5,248.00,0.00
6,162.23,0.00
6,2152.00,0.00
6,292.00,0.00
6,0.00,0.00
6,984.00,0.00
6,504.00,0.00
6,0.00,0.00
6,244.00,0.00
6,2944.00,0.00
6,0.00,0.00
6,124.00,0.00
6,44.00,0.00
6,492.00,0.00
6,1020.00,0.00
6,0.00,0.00
6,0.00,0.00
6,0.00,0.00
6,0.00,0.00
6,116.00,0.00
6,2792.00,0.00
6,0.00,0.00
6,720.00,0.00
6,320.00,0.00
6,0.00,0.00
6,196.00,0.00
6,0.00,0.00
6,0.00,0.00
6,840.00,0.00
6,204.00,0.00
6,0.00,0.00
7,162.24,0.00
7,504.00,0.00
7,0.00,0.00
7,0.00,0.00
7,2912.00,0.00
7,980.00,0.00
7,92.00,0.00
7,116.00,0.00
7,276.00,0.00
7,0.00,0.00
7,1636.00,0.00
7,0.00,0.00
7,372.00,0.00
7,68.00,0.00
7,0.00,0.00
7,0.00,0.00
7,0.00,0.00
7,0.00,0.00
7,192.00,0.00
7,0.00,0.00
7,352.00,0.00
7,0.00,0.00
7,2728.00,0.00
7,120.00,0.00
7,176.00,0.00
7,0.00,0.00
7,928.00,0.00
7,0.00,0.00
7,0.00,0.00
7,344.00,0.00
8,162.25,0.00
8,312.00,0.00
8,0.00,0.00
8,852.00,0.00
8,396.00,0.00
8,0.00,0.00
8,236.00,0.00
8,624.00,0.00
8,2912.00,0.00
8,0.00,0.00
8,160.00,0.00
8,412.00,0.00
8,232.00,0.00
8,64.00,0.00
8,0.00,0.00
8,0.00,0.00
8,0.00,0.00
8,56.00,0.00
8,0.00,0.00
8,204.00,0.00
8,0.00,0.00
8,0.00,0.00
8,0.00,0.00
8,0.00,0.00
8,492.00,0.00
8,0.00,0.00
8,0.00,0.00
8,0.00,0.00
8,148.00,0.00
8,48.00,0.00
9,162.26,0.00
9,616.00,0.00
9,0.00,0.00
9,0.00,0.00
9,0.00,0.00
9,1584.00,0.00
9,232.00,0.00
9,0.00,0.00
9,0.00,0.00
9,5024.00,0.00
9,1632.00,0.00
9,224.00,0.00
9,92.00,0.00
9,52.00,0.00
9,0.00,0.00
9,0.00,0.00
9,796.00,0.00
9,0.00,0.00
9,120.00,0.00
9,104.00,0.00
9,0.00,0.00
9,0.00,0.00
9,332.00,0.00
9,0.00,0.00
9,300.00,0.00
9,0.00,0.00
9,0.00,0.00
9,624.00,0.00
9,0.00,0.00
9,128.00,0.00
10,162.26,0.00
10,260.00,0.00
10,0.00,0.00
10,55.45,0.00
10,284.00,0.00
10,5156.00,0.00
10,180.00,0.00
10,0.00,0.00
10,0.00,0.00
10,0.00,0.00
10,1344.00,0.00
10,544.00,0.00
10,268.00,0.00
10,0.00,0.00
10,84.00,0.00
10,168.00,0.00
10,36.00,0.00
10,148.00,0.00
10,88.00,0.00
10,172.00,0.00
10,0.00,0.00
10,108.00,0.00
10,0.00,0.00
10,408.00,0.00
10,196.00,0.00
10,0.00,0.00
10,0.00,0.00
10,2652.00,0.00
10,204.00,0.00
10,1576.00,0.00
11,162.27,0.00
11,536.00,0.00
11,0.00,0.00
11,0.00,0.00
11,0.00,0.00
11,1040.00,0.00
11,232.00,0.00
11,0.00,0.00
11,0.00,0.00
11,0.00,0.00
11,2392.00,0.00
11,0.00,0.00
11,244.00,0.00
11,120.00,0.00
11,3652.00,0.00
11,0.00,0.00
11,0.00,0.00
11,0.00,0.00
11,220.00,0.00
11,0.00,0.00
11,128.00,0.00
11,0.00,0.00
11,0.00,0.00
11,0.00,0.00
11,204.00,0.00
11,0.00,0.00
11,248.00,0.00
11,0.00,0.00
11,0.00,0.00
11,108.00,0.00
12,162.28,0.00
12,0.00,0.00
12,656.00,0.00
12,0.00,0.00
12,0.00,0.00
12,1032.00,0.00
12,220.00,0.00
12,136.00,0.00
12,0.00,0.00
12,4116.00,0.00
12,228.00,0.00
12,0.00,0.00
12,252.00,0.00
12,64.00,0.00
12,52.00,0.00
12,352.00,0.00
12,0.00,0.00
12,0.00,0.00
12,0.00,0.00
12,148.00,0.00
12,0.00,0.00
12,0.00,0.00
12,0.00,0.00
12,0.00,0.00
12,260.00,0.00
12,0.00,0.00
12,0.00,0.00
12,2680.00,0.00
12,196.00,0.00
12,0.00,0.00
13,162.28,0.00
13,0.00,0.00
13,164.00,0.00
13,0.00,0.00
13,704.00,0.00
13,332.00,0.00
13,236.00,0.00
13,0.00,0.00
13,0.00,0.00
13,0.00,0.00
13,2044.00,0.00
13,0.00,0.00
13,292.00,0.00
13,64.00,0.00
13,3720.00,0.00
13,0.00,0.00
13,0.00,0.00
13,0.00,0.00
13,0.00,0.00
13,220.00,0.00
13,192.00,0.00
13,0.00,0.00
13,4.00,0.00
13,0.00,0.00
13,0.00,0.00
13,232.00,0.00
13,212.00,0.00
13,0.00,0.00
13,228.00,0.00
13,0.00,0.00
14,162.29,0.00
14,116.00,0.00
14,3656.00,0.00
14,196.00,0.00
14,0.00,0.00
14,680.00,0.00
14,196.00,0.00
14,876.00,0.00
14,0.00,0.00
14,0.00,0.00
14,116.00,0.00
14,0.00,0.00
14,2040.00,0.00
14,0.00,0.00
14,0.00,0.00
14,272.00,0.00
14,0.00,0.00
14,0.00,0.00
14,220.00,0.00
14,0.00,0.00
14,0.00,0.00
14,80.00,0.00
14,0.00,0.00
14,420.00,0.00
14,212.00,0.00
14,0.00,0.00
14,0.00,0.00
14,0.00,0.00
14,0.00,0.00
14,3780.00,0.00
15,162.30,0.00
15,0.00,0.00
15,0.00,0.00
15,0.00,0.00
15,276.00,0.00
15,1024.00,0.00
15,0.00,0.00
15,0.00,0.00
15,0.00,0.00
15,872.00,0.00
15,2256.00,0.00
15,0.00,0.00
15,144.00,0.00
15,284.00,0.00
15,0.00,0.00
15,3212.00,0.00
15,0.00,0.00
15,0.00,0.00
15,0.00,0.00
15,0.00,0.00
15,856.00,0.00
15,204.00,0.00
15,0.00,0.00
15,0.00,0.00
15,0.00,0.00
15,0.00,0.00
15,348.00,0.00
15,1968.00,0.00
15,0.00,0.00
15,0.00,0.00
16,162.31,0.00
16,0.00,0.00
16,300.00,0.00
16,148.00,0.00
16,0.00,0.00
16,1076.00,0.00
16,0.00,0.00
16,2220.00,0.00
16,156.00,0.00
16,132.00,0.00
16,56.00,0.00
16,0.00,0.00
16,48.00,0.00
16,96.00,0.00
16,80.00,0.00
16,140.00,0.00
16,12.00,0.00
16,824.00,0.00
16,0.00,0.00
16,2820.00,0.00
16,700.00,0.00
16,140.00,0.00
16,0.00,0.00
16,0.00,0.00
16,0.00,0.00
16,132.00,0.00
16,0.00,0.00
16,344.00,0.00
16,0.00,0.00
16,0.00,0.00
