cpus_count,usr,sys,iowait
1,1.67,2.43,5.94
1,4.61,2.35,6.28
1,1.34,1.60,6.22
1,1.34,1.93,6.12
1,0.59,1.26,6.22
1,3.26,2.09,6.10
1,7.04,2.76,6.28
1,1.51,1.76,6.38
1,5.13,2.52,6.39
1,3.07,2.32,6.56
1,2.52,1.68,6.31
1,0.92,0.92,6.55
1,1.01,1.26,6.47
1,3.03,1.35,6.57
1,6.12,1.76,6.62
1,1.17,1.59,6.46
1,5.23,1.43,6.58
1,7.26,1.27,6.58
1,2.59,1.34,7.35
1,2.87,0.84,7.34
1,2.26,1.34,7.35
1,3.50,1.58,7.33
1,1.83,0.83,7.33
1,3.86,1.01,7.29
1,4.48,1.35,7.52
1,2.50,1.75,7.49
1,4.70,1.26,7.39
1,3.61,1.59,7.13
1,4.21,1.26,7.40
1,2.68,1.51,7.21
1,3.20,1.60,6.76
2,4.17,1.58,7.84
2,6.32,1.77,8.01
2,4.40,1.49,7.88
2,4.52,1.76,7.87
2,2.74,1.50,7.73
2,3.69,1.68,7.71
2,4.11,2.01,8.13
2,4.24,2.00,7.65
2,4.43,1.59,7.85
2,3.03,1.68,7.99
2,2.34,1.84,7.85
2,3.86,1.34,8.05
2,1.34,1.42,7.96
2,3.36,0.92,7.80
2,5.52,1.59,7.87
2,2.76,1.92,7.85
2,3.90,1.91,8.13
2,2.17,1.59,8.10
2,1.60,0.93,7.99
2,2.94,1.26,7.97
2,3.92,1.50,7.93
2,2.77,1.85,8.05
2,3.03,1.09,7.91
2,2.78,0.93,8.19
2,2.09,1.50,7.68
2,2.43,1.59,7.71
2,2.42,1.83,7.92
2,2.49,1.58,7.88
2,2.85,0.92,7.97
2,2.91,1.75,7.74
2,3.30,1.54,7.91
3,2.59,2.00,8.09
3,2.43,1.51,7.89
3,0.84,0.67,8.16
3,1.01,1.59,8.13
3,7.23,1.01,8.24
3,4.11,1.34,7.89
3,7.53,2.01,7.86
3,3.49,2.33,7.90
3,3.11,2.35,8.15
3,3.67,1.67,8.01
3,2.43,3.35,10.89
3,1.41,2.00,7.98
3,8.02,2.81,7.85
3,5.97,1.60,7.82
3,6.93,1.94,7.86
3,8.88,1.84,7.79
3,6.39,1.26,7.90
3,5.74,1.27,7.85
3,1.67,1.50,8.10
3,0.59,0.92,8.06
3,7.20,1.68,7.79
3,2.70,0.76,8.09
3,5.43,1.84,7.61
3,11.91,1.93,7.80
3,5.37,1.43,8.06
3,6.13,1.85,7.73
3,7.72,1.85,7.97
3,3.59,1.59,7.93
3,3.37,0.84,8.08
3,2.77,1.68,8.07
3,4.67,1.68,8.05
4,2.68,2.18,8.12
4,5.86,2.18,7.87
4,2.35,1.34,8.24
4,5.01,1.67,8.10
4,5.27,1.76,8.28
4,5.40,2.16,7.72
4,8.49,0.84,8.07
4,8.87,1.92,8.20
4,8.47,2.26,7.96
4,10.20,1.60,7.84
4,6.11,1.19,8.06
4,4.52,1.59,7.86
4,7.10,2.42,8.01
4,6.93,1.42,8.35
4,5.20,1.93,7.88
4,0.17,0.59,8.29
4,1.16,1.83,7.90
4,0.42,1.59,8.03
4,1.00,1.33,8.17
4,0.84,1.09,8.14
4,0.25,1.59,8.12
4,0.25,1.09,8.12
4,0.51,0.67,8.09
4,0.51,1.01,8.35
4,0.42,0.93,8.24
4,4.90,2.20,7.60
4,11.99,1.76,7.96
4,7.26,1.43,8.02
4,3.77,1.17,8.05
4,2.10,1.51,7.97
4,4.27,1.54,8.05
5,5.64,1.60,8.08
5,4.63,1.52,8.51
5,6.55,1.68,8.23
5,8.84,1.77,8.08
5,7.50,1.60,8.01
5,0.84,1.42,8.28
5,2.80,1.10,8.14
5,3.07,1.11,8.27
5,2.86,1.85,8.33
5,8.33,1.93,8.24
5,4.06,0.93,8.21
5,10.73,1.84,7.96
5,5.09,2.09,8.17
5,5.89,1.35,8.33
5,3.37,2.10,8.16
5,3.28,1.18,8.41
5,1.42,2.17,8.11
5,1.68,2.09,8.12
5,9.31,1.59,7.89
5,6.31,1.94,7.91
5,5.55,1.18,8.16
5,3.09,2.42,7.76
5,5.40,0.93,8.01
5,8.38,2.32,8.38
5,8.66,1.75,7.66
5,2.40,2.07,7.96
5,1.77,1.35,7.93
5,7.23,2.66,8.06
5,1.86,1.35,8.27
5,1.17,1.84,8.11
5,4.93,1.69,8.12
6,1.09,2.34,8.36
6,2.85,1.59,8.21
6,0.50,2.10,8.40
6,1.59,1.84,8.28
6,2.07,2.49,8.20
6,10.30,1.51,8.29
6,1.18,1.60,8.33
6,5.69,2.09,8.19
6,6.68,2.59,8.35
6,1.44,1.35,8.45
6,1.01,1.51,8.38
6,2.00,2.33,8.24
6,1.35,1.27,8.52
6,1.93,1.84,8.29
6,1.16,2.66,8.39
6,0.59,1.68,8.21
6,0.84,1.84,8.63
6,2.34,2.26,8.20
6,2.25,2.25,8.08
6,1.77,1.27,8.35
6,1.94,1.27,8.45
6,2.20,1.35,8.28
6,1.68,1.76,8.38
6,2.11,1.43,8.51
6,1.00,2.26,8.02
6,1.35,1.51,8.33
6,0.76,1.51,8.23
6,1.52,0.76,8.30
6,1.44,1.19,8.31
6,2.35,1.85,8.14
6,2.17,1.78,8.31
7,2.99,2.66,8.13
7,3.92,2.59,8.35
7,3.10,1.76,8.14
7,3.65,1.27,8.50
7,5.04,1.60,8.24
7,2.60,2.51,8.29
7,2.95,1.77,8.26
7,2.59,2.42,8.18
7,5.11,2.77,8.21
7,3.91,2.91,8.08
7,1.59,2.51,8.35
7,2.84,2.17,8.28
7,1.19,1.44,8.31
7,4.67,2.42,8.33
7,1.59,2.27,8.56
7,3.27,2.01,8.30
7,3.21,1.60,8.45
7,1.93,2.02,8.65
7,1.42,1.93,8.46
7,1.93,2.51,8.38
7,1.02,0.76,8.57
7,1.60,1.85,8.25
7,2.51,1.84,8.37
7,2.78,1.35,8.52
7,3.17,2.26,8.02
7,2.17,2.09,8.09
7,1.10,1.02,8.22
7,2.02,1.68,8.14
7,2.19,1.43,8.42
7,2.45,1.86,8.45
7,2.69,1.98,8.32
8,4.73,1.69,8.37
8,4.18,2.76,7.95
8,2.94,2.02,8.40
8,3.11,2.69,8.59
8,3.18,2.34,8.44
8,2.19,2.02,8.52
8,2.21,1.53,8.48
8,1.99,2.90,8.53
8,3.17,2.76,8.35
8,2.43,2.51,8.28
8,5.50,3.58,8.33
8,3.24,1.19,8.10
8,1.26,2.19,8.41
8,2.50,3.00,8.34
8,0.77,1.19,8.60
8,1.51,2.35,8.31
8,2.29,1.53,8.23
8,2.65,3.56,8.27
8,5.54,1.43,8.48
8,1.33,2.58,8.57
8,2.87,1.94,8.02
8,3.05,1.02,8.63
8,2.13,4.34,8.03
8,2.02,1.77,8.25
8,2.62,1.18,8.37
8,2.62,1.69,8.27
8,2.43,2.35,8.31
8,2.84,2.51,8.11
8,2.02,2.18,8.24
8,1.67,2.50,8.10
8,2.70,2.25,8.33
9,1.34,2.18,8.55
9,8.05,2.60,8.05
9,5.48,1.68,8.42
9,3.20,2.36,8.16
9,4.93,2.34,8.44
9,10.95,3.40,8.30
9,3.57,1.36,8.26
9,3.63,2.20,8.36
9,2.76,3.43,8.69
9,2.99,1.20,8.90
9,1.08,3.65,8.62
9,1.84,2.01,8.55
9,0.50,2.76,8.88
9,1.80,0.86,8.56
9,1.60,4.47,13.15
9,1.91,2.58,8.57
9,2.01,2.34,8.62
9,1.61,2.03,8.46
9,6.05,2.52,8.23
9,2.18,2.52,8.65
9,1.79,1.36,8.50
9,1.88,1.36,8.78
9,0.68,1.95,8.55
9,1.94,1.60,8.44
9,2.02,1.60,8.59
9,5.72,2.27,8.41
9,5.77,2.01,8.28
9,10.36,2.36,7.83
9,7.24,1.85,8.16
9,4.71,2.61,7.82
9,3.66,2.25,8.59
10,3.36,3.20,8.41
10,4.29,4.62,8.09
10,2.27,2.53,8.75
10,1.60,2.94,8.58
10,2.01,2.35,8.55
10,2.36,2.28,8.78
10,3.23,4.14,8.36
10,1.00,2.92,8.60
10,1.53,1.53,8.91
10,0.92,3.66,8.74
10,0.58,2.92,8.76
10,1.51,2.42,8.44
10,0.76,2.27,8.68
10,1.43,2.77,8.56
10,3.27,2.85,8.21
10,4.85,1.96,8.50
10,2.88,2.37,8.54
10,0.85,1.53,8.84
10,1.58,3.24,8.32
10,0.59,2.44,8.93
10,2.94,1.85,8.89
10,2.35,1.93,8.72
10,2.81,3.14,8.26
10,2.94,2.68,8.47
10,3.05,2.03,8.55
10,1.85,1.77,8.68
10,2.27,2.19,8.67
10,1.53,2.12,8.82
10,1.42,3.01,8.35
10,1.01,2.02,8.57
10,2.10,2.59,8.58
11,2.31,1.45,8.63
11,3.22,4.38,8.51
11,2.07,4.22,8.44
11,1.24,3.73,8.55
11,1.52,2.61,8.75
11,2.02,3.29,8.68
11,1.18,2.69,8.66
11,1.09,3.35,8.79
11,6.05,2.64,8.18
11,3.06,2.04,8.66
11,5.45,2.77,8.30
11,1.02,2.20,8.63
11,1.17,2.85,8.64
11,2.97,2.12,8.58
11,2.78,1.94,8.60
11,1.94,2.36,8.52
11,2.29,2.29,8.41
11,1.35,2.28,8.43
11,2.43,2.52,8.40
11,3.98,3.32,8.38
11,6.13,2.10,8.40
11,1.85,2.19,8.42
11,8.53,2.51,8.28
11,7.46,1.61,8.06
11,4.71,2.52,8.40
11,2.00,3.00,8.17
11,5.07,2.62,8.19
11,9.27,1.60,8.17
11,5.20,2.85,8.39
11,9.31,3.69,7.89
11,3.62,2.66,8.44
12,3.32,1.96,8.34
12,3.96,3.20,8.35
12,0.67,2.77,8.99
12,4.03,2.68,8.31
12,10.75,3.69,8.23
12,4.20,2.18,8.48
12,5.25,2.28,8.54
12,4.72,2.11,8.51
12,3.42,3.34,8.34
12,1.25,3.17,8.51
12,9.12,2.64,8.35
12,3.90,2.21,8.40
12,2.52,2.77,8.65
12,1.18,2.61,8.60
12,3.61,2.69,8.40
12,5.61,3.26,8.20
12,8.35,2.61,8.43
12,3.01,4.51,8.10
12,2.77,3.19,8.66
12,7.93,3.51,8.18
12,4.13,2.78,8.42
12,6.23,3.03,8.26
12,6.08,1.03,8.65
12,2.86,2.77,8.40
12,8.87,2.93,7.78
12,5.43,3.84,8.10
12,5.10,3.01,8.60
12,4.45,1.54,8.21
12,5.80,2.10,8.33
12,1.94,2.45,8.62
12,4.68,2.77,8.40
13,4.71,3.95,8.07
13,3.81,3.56,8.38
13,4.21,3.53,8.24
13,3.03,2.94,8.24
13,3.86,3.94,8.55
13,1.17,3.93,9.03
13,1.42,3.35,8.63
13,1.01,3.45,8.74
13,3.76,4.18,8.27
13,2.59,4.18,8.60
13,1.99,4.63,8.52
13,0.59,3.20,8.68
13,0.93,3.12,8.60
13,1.58,3.75,8.67
13,1.93,3.78,8.73
13,1.33,3.83,8.42
13,1.69,2.95,8.35
13,0.76,3.61,9.75
13,0.60,3.44,13.41
13,0.50,3.03,8.66
13,0.92,2.85,8.82
13,1.26,3.60,8.62
13,1.60,3.12,8.68
13,1.43,2.95,8.68
13,2.69,3.27,8.56
13,2.46,2.63,8.41
13,2.20,2.03,8.38
13,5.91,2.28,8.69
13,1.00,4.09,8.51
13,1.70,2.72,8.40
13,2.09,3.40,8.74
14,2.58,4.08,8.74
14,4.95,3.53,8.65
14,2.97,5.19,8.57
14,1.01,3.62,8.58
14,0.76,3.69,9.31
14,1.09,3.78,8.66
14,0.76,3.87,8.82
14,0.67,3.29,8.85
14,1.52,2.87,8.62
14,0.34,4.19,8.89
14,0.67,3.45,9.01
14,0.92,3.28,8.57
14,1.01,3.20,9.01
14,1.42,3.68,8.60
14,0.86,1.89,9.00
14,1.35,2.96,8.72
14,0.84,3.37,8.59
14,0.50,3.36,8.82
14,0.76,3.28,8.59
14,1.01,2.96,8.70
14,1.01,4.03,8.40
14,1.92,4.58,8.67
14,2.28,3.46,8.44
14,2.62,2.45,8.71
14,2.59,3.85,8.20
14,4.59,3.84,8.44
14,2.36,3.37,8.52
14,1.28,2.39,8.86
14,1.02,2.63,8.64
14,1.01,3.36,8.56
14,1.56,3.45,8.69
15,1.76,3.61,8.65
15,3.33,4.25,8.25
15,2.26,4.86,8.79
15,2.70,3.63,8.37
15,2.46,3.05,8.72
15,3.42,4.83,8.42
15,2.78,3.20,8.66
15,6.55,3.11,8.06
15,3.07,4.73,8.63
15,2.70,2.87,8.88
15,0.93,3.29,8.70
15,2.29,3.30,8.55
15,1.35,3.63,8.69
15,1.36,2.88,8.99
15,0.50,3.77,8.87
15,0.67,3.63,8.68
15,1.26,3.70,8.57
15,2.53,3.88,8.61
15,2.17,3.83,8.50
15,1.96,5.89,8.43
15,2.08,4.73,8.55
15,2.22,5.11,8.57
15,1.26,3.69,8.47
15,1.60,3.87,8.57
15,2.10,3.52,8.56
15,1.85,3.28,8.59
15,1.93,3.60,8.38
15,6.55,7.28,7.84
15,1.43,3.78,8.56
15,2.75,4.09,8.01
15,2.33,3.97,8.54
16,2.67,4.34,8.51
16,3.92,2.56,8.52
16,3.94,4.19,8.29
16,3.35,4.27,8.46
16,3.25,4.25,8.58
16,1.78,3.56,8.47
16,3.18,3.60,8.61
16,2.43,4.19,8.72
16,1.68,4.11,8.98
16,1.09,3.87,8.58
16,2.10,4.11,8.65
16,1.62,2.56,8.80
16,4.43,4.10,8.44
16,1.00,4.50,8.58
16,6.97,3.73,8.54
16,6.71,4.19,8.31
16,2.43,3.19,8.30
16,4.00,4.50,8.08
16,3.69,3.18,8.21
16,6.77,4.01,8.10
16,6.59,2.79,8.03
16,4.76,3.76,8.18
16,0.26,2.64,8.50
16,6.35,4.26,8.27
16,11.95,2.95,8.08
16,4.95,2.85,8.23
16,1.09,3.87,8.32
16,5.42,3.92,8.34
16,1.78,3.38,8.37
16,1.19,3.14,8.56
16,3.72,3.69,8.42
