cpus_count,kB_read/s,kB_write/s
1,151.44,0.00
1,38880.00,0.00
1,40168.00,0.00
1,34844.00,0.00
1,33100.00,0.00
1,33412.00,0.00
1,28912.00,0.00
1,26896.00,0.00
1,23468.00,0.00
1,24280.00,0.00
1,22028.00,0.00
1,18804.00,0.00
1,18436.00,0.00
1,17520.00,0.00
1,17956.00,0.00
1,17324.00,0.00
1,18572.00,0.00
1,17192.00,0.00
1,17224.00,0.00
1,4852.00,0.00
1,4444.00,0.00
1,4588.00,0.00
1,4564.00,0.00
1,4400.00,0.00
1,4988.00,0.00
1,4652.00,0.00
1,6196.00,0.00
1,4140.00,0.00
1,4492.00,0.00
1,4828.00,0.00
2,151.94,0.00
2,7784.00,0.00
2,8172.00,0.00
2,8092.00,0.00
2,8276.00,0.00
2,8883.17,0.00
2,8232.00,0.00
2,7996.00,0.00
2,7324.00,0.00
2,9884.00,0.00
2,7992.00,0.00
2,6980.00,0.00
2,7952.00,0.00
2,7592.00,0.00
2,7760.00,0.00
2,7292.00,0.00
2,7136.00,0.00
2,7448.00,0.00
2,6676.00,0.00
2,7308.00,0.00
2,9956.00,0.00
2,7340.00,0.00
2,6800.00,0.00
2,7208.00,0.00
2,7444.00,0.00
2,6680.00,0.00
2,6856.00,0.00
2,7000.00,0.00
2,7152.00,0.00
2,6524.00,0.00
3,152.17,0.00
3,11552.00,0.00
3,9480.00,0.00
3,9688.00,0.00
3,10104.00,0.00
3,14196.00,0.00
3,9976.00,0.00
3,9724.00,0.00
3,10056.00,0.00
3,10660.00,0.00
3,9376.00,0.00
3,10096.00,0.00
3,9856.00,0.00
3,9416.00,0.00
3,9168.00,0.00
3,10828.00,0.00
3,11848.00,0.00
3,9144.00,0.00
3,9960.00,0.00
3,9064.00,0.00
3,8684.00,0.00
3,8856.00,0.00
3,9068.00,0.00
3,8280.00,0.00
3,8484.00,0.00
3,8944.00,0.00
3,9484.00,0.00
3,8564.00,0.00
3,8264.00,0.00
3,8804.00,0.00
4,152.45,0.00
4,15488.00,0.00
4,13060.00,0.00
4,12952.00,0.00
4,12588.00,0.00
4,12724.00,0.00
4,12960.00,0.00
4,11872.00,0.00
4,11556.00,0.00
4,12872.00,0.00
4,12644.00,0.00
4,11504.00,0.00
4,10568.00,0.00
4,11368.00,0.00
4,12612.00,0.00
4,10416.00,0.00
4,11124.00,0.00
4,10616.00,0.00
4,10344.00,0.00
4,9756.00,0.00
4,10564.00,0.00
4,10132.00,0.00
4,9276.00,0.00
4,10060.00,0.00
4,12920.00,0.00
4,10216.00,0.00
4,10176.00,0.00
4,10256.00,0.00
4,10844.00,0.00
4,9168.00,0.00
5,152.78,0.00
5,16228.00,0.00
5,16080.00,0.00
5,14720.00,0.00
5,15672.00,0.00
5,16472.00,0.00
5,16072.00,0.00
5,15412.00,0.00
5,15112.00,0.00
5,16624.00,0.00
5,13968.00,0.00
5,14628.00,0.00
5,14444.00,0.00
5,12800.00,0.00
5,14404.00,0.00
5,14604.00,0.00
5,16264.00,0.00
5,13772.00,0.00
5,13404.00,0.00
5,14180.00,0.00
5,12372.00,0.00
5,12968.00,0.00
5,13004.00,0.00
5,13132.00,0.00
5,25342.57,0.00
5,12640.00,0.00
5,12356.00,0.00
5,11828.00,0.00
5,14564.00,0.00
5,12384.00,0.00
6,153.21,0.00
6,15416.00,0.00
6,16016.00,0.00
6,16556.00,0.00
6,14976.00,0.00
6,16508.00,0.00
6,16684.00,0.00
6,16044.00,0.00
6,15316.00,0.00
6,17560.00,0.00
6,16380.00,0.00
6,15260.00,0.00
6,17132.00,0.00
6,16028.00,0.00
6,15964.00,0.00
6,15092.00,0.00
6,14240.00,0.00
6,15316.00,0.00
6,14048.00,0.00
6,16260.00,0.00
6,15092.00,0.00
6,15296.00,0.00
6,14808.00,0.00
6,14488.00,0.00
6,14636.00,0.00
6,14160.00,0.00
6,12736.00,0.00
6,14944.00,0.00
6,14132.00,0.00
6,14092.00,0.00
7,153.66,0.00
7,20376.00,0.00
7,19544.00,0.00
7,16944.00,0.00
7,19044.00,0.00
7,19480.00,0.00
7,18460.00,0.00
7,16996.00,0.00
7,17184.00,0.00
7,19636.00,0.00
7,15988.00,0.00
7,18596.00,0.00
7,17280.00,0.00
7,18040.00,0.00
7,17224.00,0.00
7,16896.00,0.00
7,17968.00,0.00
7,15776.00,0.00
7,15956.00,0.00
7,17448.00,0.00
7,16900.00,0.00
7,16392.00,0.00
7,15256.00,0.00
7,16228.00,0.00
7,18248.00,0.00
7,15000.00,0.00
7,16376.00,0.00
7,16736.00,0.00
7,16780.00,0.00
7,14600.00,0.00
8,154.17,0.00
8,20596.00,0.00
8,18792.00,0.00
8,20920.00,0.00
8,23596.00,0.00
8,21244.00,0.00
8,18552.00,0.00
8,19204.00,0.00
8,19492.00,0.00
8,16916.00,0.00
8,18736.00,0.00
8,19924.00,0.00
8,19452.00,0.00
8,17788.00,0.00
8,17948.00,0.00
8,18372.00,0.00
8,19268.00,0.00
8,17380.00,0.00
8,18544.00,0.00
8,18012.00,0.00
8,17028.00,0.00
8,16624.00,0.00
8,17528.00,0.00
8,16548.00,0.00
8,15848.00,0.00
8,17476.00,0.00
8,17320.00,0.00
8,16604.00,0.00
8,15808.00,0.00
8,17636.00,0.00
9,154.72,0.00
9,23528.00,0.00
9,23916.00,0.00
9,24388.00,0.00
9,22900.00,0.00
9,20704.00,0.00
9,22940.00,0.00
9,22480.00,0.00
9,20244.00,0.00
9,24212.00,0.00
9,22368.00,0.00
9,21616.00,0.00
9,19772.00,0.00
9,20044.00,0.00
9,22860.00,0.00
9,113980.00,0.00
9,17816.00,0.00
9,19548.00,0.00
9,20356.00,0.00
9,20116.00,0.00
9,18596.00,0.00
9,18408.00,0.00
9,19056.00,0.00
9,17300.00,0.00
9,19788.00,0.00
9,19004.00,0.00
9,18952.00,0.00
9,18400.00,0.00
9,17752.00,0.00
9,18728.00,0.00
10,155.41,0.00
10,23424.00,0.00
10,24540.00,0.00
10,23888.00,0.00
10,23228.00,0.00
10,24152.00,0.00
10,23796.00,0.00
10,22304.00,0.00
10,21116.00,0.00
10,22912.00,0.00
10,22444.00,0.00
10,22348.00,0.00
10,20140.00,0.00
10,21164.00,0.00
10,21732.00,0.00
10,20156.00,0.00
10,24152.00,0.00
10,22852.00,0.00
10,22156.00,0.00
10,19988.00,0.00
10,21288.00,0.00
10,22004.00,0.00
10,19928.00,0.00
10,21316.00,0.00
10,21724.00,0.00
10,21540.00,0.00
10,20596.00,0.00
10,19624.00,0.00
10,20540.00,0.00
10,21564.00,0.00
11,156.06,0.00
11,28644.00,0.00
11,28832.00,0.00
11,27596.00,0.00
11,26332.00,0.00
11,27696.00,0.00
11,26568.00,0.00
11,24448.00,0.00
11,27368.00,0.00
11,32132.00,0.00
11,27756.00,0.00
11,23784.00,0.00
11,24468.00,0.00
11,24884.00,0.00
11,22244.00,0.00
11,24112.00,0.00
11,26336.00,0.00
11,24364.00,0.00
11,22208.00,0.00
11,22928.00,0.00
11,26040.00,0.00
11,22208.00,0.00
11,21844.00,0.00
11,24208.00,0.00
11,24456.00,0.00
11,22812.00,0.00
11,22500.00,0.00
11,23260.00,0.00
11,22264.00,0.00
11,21688.00,0.00
12,156.80,0.00
12,30692.00,0.00
12,28164.00,0.00
12,26324.00,0.00
12,32072.00,0.00
12,29340.00,0.00
12,26552.00,0.00
12,28448.00,0.00
12,28368.00,0.00
12,27524.00,0.00
12,25308.00,0.00
12,28072.00,0.00
12,26500.00,0.00
12,24576.00,0.00
12,28064.00,0.00
12,26452.00,0.00
12,26380.00,0.00
12,25128.00,0.00
12,26280.00,0.00
12,25056.00,0.00
12,22984.00,0.00
12,26088.00,0.00
12,26120.00,0.00
12,26156.00,0.00
12,25184.00,0.00
12,26080.00,0.00
12,24996.00,0.00
12,22528.00,0.00
12,24772.00,0.00
12,24780.00,0.00
13,157.58,0.00
13,29296.00,0.00
13,30532.00,0.00
13,31052.00,0.00
13,27816.00,0.00
13,31236.00,0.00
13,29024.00,0.00
13,28704.00,0.00
13,26388.00,0.00
13,29784.00,0.00
13,28840.00,0.00
13,27276.00,0.00
13,26228.00,0.00
13,28388.00,0.00
13,27832.00,0.00
13,27128.00,0.00
13,25384.00,0.00
13,27020.00,0.00
13,45016.00,0.00
13,106516.00,0.00
13,23956.00,0.00
13,26696.00,0.00
13,26240.00,0.00
13,26364.00,0.00
13,24380.00,0.00
13,25128.00,0.00
13,26108.00,0.00
13,22540.00,0.00
13,25520.00,0.00
13,27676.00,0.00
14,158.49,0.00
14,29228.00,0.00
14,31044.00,0.00
14,31600.00,0.00
14,28704.00,0.00
14,28908.00,0.00
14,29964.00,0.00
14,29764.00,0.00
14,28680.00,0.00
14,27948.00,0.00
14,31064.00,0.00
14,27968.00,0.00
14,25316.00,0.00
14,28080.00,0.00
14,29724.00,0.00
14,28864.00,0.00
14,26156.00,0.00
14,26840.00,0.00
14,28000.00,0.00
14,25148.00,0.00
14,27904.00,0.00
14,27280.00,0.00
14,27088.00,0.00
14,27612.00,0.00
14,25064.00,0.00
14,26556.00,0.00
14,27124.00,0.00
14,24620.00,0.00
14,27096.00,0.00
14,27360.00,0.00
15,159.32,0.00
15,30104.00,0.00
15,33428.00,0.00
15,32588.00,0.00
15,29920.00,0.00
15,33916.00,0.00
15,32224.00,0.00
15,31704.00,0.00
15,30364.00,0.00
15,32112.00,0.00
15,31440.00,0.00
15,31860.00,0.00
15,31308.00,0.00
15,33024.00,0.00
15,32644.00,0.00
15,30768.00,0.00
15,29356.00,0.00
15,30792.00,0.00
15,31036.00,0.00
15,28492.00,0.00
15,30688.00,0.00
15,30700.00,0.00
15,30528.00,0.00
15,29644.00,0.00
15,28856.00,0.00
15,29608.00,0.00
15,26200.00,0.00
15,28264.00,0.00
15,29776.00,0.00
15,28484.00,0.00
16,160.22,0.00
16,33368.00,0.00
16,36168.00,0.00
16,33928.00,0.00
16,37172.00,0.00
16,36908.00,0.00
16,36152.00,0.00
16,34736.00,0.00
16,31904.00,0.00
16,34952.00,0.00
16,32772.00,0.00
16,29912.00,0.00
16,33840.00,0.00
16,34344.00,0.00
16,33480.00,0.00
16,34376.00,0.00
16,32456.00,0.00
16,31800.00,0.00
16,29836.00,0.00
16,30756.00,0.00
16,32152.00,0.00
16,31888.00,0.00
16,30076.00,0.00
16,29032.00,0.00
16,30860.00,0.00
16,31436.00,0.00
16,29652.00,0.00
16,29764.00,0.00
16,31124.00,0.00
16,29676.00,0.00
