cpus_count,usr,sys,iowait
1,9.53,10.28,0.33
1,17.49,12.03,0.17
1,8.97,9.05,0.00
1,3.33,8.32,0.92
1,4.69,8.21,0.34
1,4.17,8.92,0.00
1,14.41,12.48,0.17
1,3.59,7.60,0.08
1,9.75,8.50,0.08
1,8.80,9.64,0.42
1,8.59,8.26,0.08
1,9.60,9.27,0.08
1,8.90,9.07,0.08
1,7.72,8.47,0.17
1,1.92,7.61,0.08
1,2.26,7.45,0.17
1,3.83,7.82,0.08
1,1.92,7.53,0.33
1,1.67,7.91,0.08
1,3.09,7.51,0.08
1,2.00,7.26,0.08
1,2.83,7.49,0.00
1,4.01,7.35,0.00
1,2.17,7.59,0.25
1,2.17,7.35,0.08
1,5.50,7.41,0.17
1,2.50,7.34,0.08
1,2.16,7.24,0.08
1,3.75,7.51,0.00
1,8.52,7.77,0.42
1,5.66,8.34,0.16
2,12.31,16.89,0.50
2,8.44,16.54,0.25
2,5.60,16.79,3.59
2,7.95,16.23,0.84
2,6.18,15.20,0.17
2,4.92,14.94,0.17
2,6.14,14.73,0.08
2,7.46,15.09,0.17
2,6.89,15.70,0.08
2,5.41,14.98,0.17
2,5.03,14.92,0.08
2,7.18,15.04,0.25
2,5.50,14.99,0.25
2,5.26,14.70,0.08
2,5.70,15.24,0.08
2,6.36,15.82,0.17
2,10.72,14.91,0.34
2,5.19,15.66,0.50
2,11.87,18.43,6.06
2,10.97,17.00,2.43
2,7.27,17.96,1.67
2,9.79,17.74,0.42
2,8.29,17.33,0.17
2,16.26,22.66,1.77
2,7.61,16.29,0.25
2,3.42,14.75,0.08
2,11.52,16.19,0.25
2,10.09,15.93,1.25
2,10.64,17.29,0.58
2,13.82,16.75,0.08
2,8.12,16.22,0.76
3,9.49,22.56,0.08
3,13.72,24.44,0.33
3,22.07,31.52,0.08
3,18.29,29.09,0.67
3,12.43,26.78,1.51
3,10.39,23.64,0.08
3,6.80,23.32,0.00
3,7.67,22.27,0.00
3,3.84,22.22,0.17
3,6.02,22.41,0.17
3,5.03,21.94,0.25
3,21.12,24.96,0.25
3,13.77,24.37,0.25
3,7.35,24.29,0.25
3,6.71,22.82,0.00
3,5.84,22.35,0.08
3,8.36,24.25,0.25
3,6.27,24.00,0.17
3,9.30,22.13,0.08
3,5.27,23.18,0.08
3,6.32,22.78,0.58
3,6.59,22.77,0.42
3,7.77,22.47,0.00
3,6.45,22.21,0.25
3,7.63,22.06,0.08
3,5.33,22.15,0.17
3,6.17,22.67,0.08
3,7.34,22.52,0.08
3,6.61,21.66,0.08
3,6.58,21.48,0.08
3,8.88,23.51,0.22
4,7.57,29.53,0.67
4,7.08,28.83,0.08
4,7.62,29.23,0.08
4,9.87,29.35,0.17
4,8.62,30.04,0.25
4,13.17,30.00,0.00
4,11.72,29.62,0.08
4,9.42,29.52,0.08
4,11.48,30.62,0.25
4,13.52,34.39,0.67
4,6.43,30.63,0.08
4,7.90,31.34,0.33
4,6.83,30.25,0.25
4,6.96,30.03,0.25
4,5.75,30.22,0.08
4,7.43,31.64,0.25
4,7.02,29.41,0.08
4,7.29,30.74,0.00
4,6.44,29.52,0.00
4,5.67,29.19,0.08
4,5.33,29.64,0.17
4,5.59,30.05,0.08
4,6.26,29.94,0.00
4,5.85,30.41,0.08
4,6.65,29.93,0.08
4,4.85,29.91,0.08
4,6.60,29.82,0.00
4,5.50,29.52,0.17
4,8.26,29.61,0.08
4,7.65,30.28,0.17
4,7.68,30.11,0.16
5,9.30,36.79,0.75
5,6.17,36.86,0.17
5,7.67,38.25,0.17
5,6.53,37.91,0.00
5,6.76,36.39,0.08
5,7.03,37.57,0.00
5,8.52,37.51,0.17
5,9.49,38.55,0.08
5,9.99,38.22,0.50
5,9.71,36.76,0.33
5,8.46,37.35,0.00
5,11.13,36.82,0.25
5,8.98,37.33,0.08
5,8.20,36.99,0.33
5,9.04,37.89,0.33
5,8.46,36.26,0.00
5,8.92,36.08,0.08
5,11.00,37.08,0.33
5,7.39,36.54,0.08
5,6.02,37.26,0.08
5,7.35,37.09,0.08
5,9.02,36.39,0.00
5,9.92,36.08,0.17
5,7.90,35.94,0.25
5,8.16,36.80,0.17
5,8.60,37.59,0.25
5,8.02,36.34,0.00
5,10.65,37.08,0.17
5,9.23,36.49,0.08
5,7.60,36.81,0.08
5,8.51,37.04,0.17
6,14.77,46.47,0.25
6,8.03,46.86,0.00
6,8.60,46.28,0.17
6,9.66,44.55,0.00
6,9.50,44.42,0.08
6,8.28,43.98,0.17
6,7.33,44.38,0.25
6,6.75,44.75,0.17
6,11.24,44.04,0.08
6,7.81,44.44,0.17
6,7.51,43.74,0.00
6,7.19,45.48,0.33
6,7.28,44.52,0.42
6,9.58,43.58,0.08
6,8.51,44.32,0.17
6,12.60,47.60,1.33
6,10.18,45.20,0.33
6,9.60,42.65,0.08
6,9.83,44.17,0.00
6,9.44,44.53,0.00
6,8.03,43.73,0.08
6,8.26,44.49,0.17
6,11.55,44.72,0.00
6,9.80,46.73,0.08
6,9.85,44.57,0.17
6,9.58,44.46,0.08
6,8.81,43.47,0.08
6,8.54,46.23,0.08
6,9.91,47.63,0.17
6,9.42,44.79,0.08
6,9.25,44.89,0.17
7,11.39,52.62,0.25
7,9.46,52.78,0.25
7,16.81,55.18,0.42
7,17.87,55.53,0.08
7,11.97,55.73,0.84
7,17.49,53.29,0.08
7,14.57,54.52,0.17
7,13.55,53.20,0.17
7,7.88,52.28,0.17
7,8.79,52.18,0.34
7,8.94,51.38,0.25
7,8.33,51.67,0.25
7,8.76,51.50,0.08
7,10.47,53.52,0.00
7,21.11,54.28,0.17
7,16.17,52.67,0.08
7,13.14,51.66,0.17
7,8.63,51.84,0.00
7,7.94,51.92,0.08
7,7.09,52.46,0.00
7,15.96,52.21,0.08
7,8.31,51.37,0.25
7,11.90,52.00,0.17
7,12.80,51.95,0.17
7,19.05,51.71,0.25
7,12.56,51.75,0.00
7,9.54,52.80,0.08
7,17.19,51.91,0.08
7,10.52,52.17,0.00
7,16.79,52.05,0.08
7,12.50,52.67,0.17
8,13.39,59.83,0.42
8,13.68,61.69,0.08
8,8.68,60.35,0.08
8,12.29,60.28,0.00
8,17.68,62.89,0.08
8,13.57,60.03,0.08
8,8.59,59.47,0.17
8,9.44,59.57,0.17
8,11.71,59.63,0.08
8,12.57,59.62,0.08
8,9.99,60.62,0.08
8,11.84,62.39,0.00
8,9.60,60.52,0.17
8,8.82,60.07,0.33
8,10.01,59.97,0.08
8,7.60,61.35,0.25
8,9.67,59.26,0.17
8,9.79,59.83,0.17
8,11.87,59.17,0.00
8,8.78,59.73,0.00
8,8.93,59.97,0.17
8,8.95,59.49,0.00
8,9.20,59.87,0.17
8,10.31,60.31,0.08
8,9.44,59.85,0.08
8,10.47,60.80,0.25
8,8.07,59.82,0.08
8,11.00,60.00,0.17
8,12.24,60.70,0.92
8,17.10,61.38,3.00
8,10.84,60.28,0.25
9,13.89,67.03,0.25
9,10.71,68.88,0.08
9,10.33,68.08,0.08
9,10.91,67.53,0.17
9,12.45,68.34,0.08
9,11.36,69.67,0.25
9,13.30,68.58,0.33
9,18.06,68.90,0.08
9,12.42,68.83,0.00
9,10.38,67.61,0.08
9,11.38,68.11,0.08
9,9.79,68.12,0.00
9,10.35,68.45,0.00
9,15.14,65.47,0.08
9,14.48,67.78,0.00
9,9.49,68.03,0.00
9,13.53,69.29,0.00
9,14.56,68.95,0.08
9,11.05,69.60,0.25
9,12.60,68.36,0.00
9,12.98,68.68,0.17
9,13.26,68.81,0.00
9,15.55,67.39,0.25
9,14.86,69.70,0.00
9,13.81,67.89,0.08
9,14.29,67.94,0.00
9,21.17,68.33,0.25
9,15.55,68.06,0.00
9,10.37,67.97,0.00
9,19.76,67.87,0.08
9,13.25,68.28,0.09
10,24.90,67.06,0.17
10,10.16,77.41,0.17
10,10.23,75.21,0.08
10,11.91,75.08,0.17
10,10.28,75.36,0.08
10,20.32,71.74,0.17
10,25.89,68.30,0.17
10,10.70,77.09,0.00
10,10.34,76.15,0.00
10,8.76,74.62,0.00
10,10.94,74.60,0.17
10,13.57,75.04,0.08
10,15.61,74.34,0.08
10,18.09,73.37,0.00
10,11.19,75.27,0.08
10,10.29,75.23,0.00
10,12.28,74.77,0.00
10,21.08,71.83,0.08
10,14.14,74.83,0.00
10,11.61,75.69,0.00
10,9.34,74.92,0.08
10,11.34,75.48,0.00
10,11.62,74.58,0.17
10,14.02,74.29,0.08
10,13.13,76.17,0.08
10,16.18,74.10,0.00
10,16.36,74.34,0.00
10,20.59,72.05,0.00
10,19.66,73.31,0.25
10,26.98,68.09,0.17
10,14.71,74.01,0.08
11,18.14,74.73,0.00
11,10.50,82.54,0.00
11,16.22,77.01,0.08
11,13.37,78.22,0.00
11,13.34,78.63,0.08
11,22.26,73.69,0.00
11,11.17,81.47,0.00
11,14.88,77.68,0.00
11,14.59,79.05,0.00
11,16.01,76.95,0.17
11,14.67,78.16,0.00
11,12.35,79.75,0.08
11,12.23,79.48,0.00
11,12.31,80.10,0.00
11,10.61,81.31,0.00
11,12.90,79.71,0.17
11,9.04,82.60,0.00
11,10.09,82.34,0.08
11,9.04,81.76,0.08
11,11.99,81.06,0.00
11,9.05,82.66,0.00
11,9.40,81.28,0.08
11,14.58,78.25,0.00
11,9.90,81.61,0.08
11,10.82,79.95,0.00
11,11.19,81.08,0.00
11,12.26,79.48,0.00
11,10.37,81.44,0.08
11,9.02,82.37,0.08
11,11.64,80.61,0.00
11,12.46,79.83,0.04
12,15.88,75.97,0.00
12,12.23,82.33,0.00
12,10.06,84.16,0.08
12,9.22,83.57,0.17
12,9.81,85.12,0.00
12,11.40,83.87,0.00
12,11.03,83.75,0.00
12,10.85,85.79,0.08
12,10.23,85.33,0.00
12,9.83,85.17,0.00
12,9.72,85.21,0.00
12,10.04,84.94,0.00
12,9.43,85.77,0.00
12,8.86,85.65,0.00
12,8.27,86.27,0.00
12,11.13,83.47,0.00
12,13.67,81.15,0.00
12,14.06,80.84,0.08
12,10.67,84.45,0.00
12,10.40,83.77,0.00
12,11.49,83.39,0.00
12,14.02,80.47,0.00
12,14.09,80.14,0.00
12,9.86,85.59,0.00
12,10.67,84.17,0.00
12,10.81,82.48,0.00
12,11.65,84.22,0.00
12,11.23,82.31,0.00
12,11.43,82.27,0.00
12,10.70,83.40,0.00
12,11.09,83.50,0.01
13,23.96,68.08,0.00
13,10.79,82.58,0.00
13,13.18,81.28,0.00
13,7.33,86.52,0.00
13,9.98,83.76,0.00
13,13.49,82.46,0.00
13,10.57,83.56,0.00
13,8.29,85.11,0.08
13,9.66,84.55,0.00
13,12.73,81.62,0.00
13,9.29,84.23,0.09
13,8.01,86.53,0.09
13,9.86,83.74,0.00
13,13.68,80.07,0.00
13,9.07,84.30,0.00
13,11.76,82.74,0.00
13,10.74,83.31,0.00
13,9.95,84.49,0.00
13,10.82,83.69,0.00
13,12.46,80.98,0.00
13,10.95,83.91,0.00
13,7.45,87.04,0.00
13,8.50,85.22,0.00
13,8.36,85.98,0.08
13,11.79,82.70,0.08
13,8.22,86.16,0.17
13,8.22,86.69,0.00
13,7.44,86.39,0.00
13,8.78,85.22,0.00
13,9.84,84.90,0.00
13,10.51,83.59,0.02
14,16.30,75.34,0.00
14,9.70,85.37,0.00
14,7.85,85.98,0.00
14,6.50,87.76,0.00
14,9.75,84.29,0.00
14,8.14,84.90,0.00
14,16.97,78.26,0.00
14,13.44,81.15,0.00
14,10.69,83.60,0.00
14,9.52,84.95,0.00
14,12.45,82.93,0.00
14,16.33,78.09,0.00
14,11.23,81.48,0.00
14,7.94,85.79,0.08
14,10.20,82.63,0.00
14,7.59,86.26,0.00
14,8.70,85.73,0.00
14,10.97,82.36,0.00
14,10.08,84.49,0.00
14,9.64,82.91,0.08
14,9.24,85.55,0.00
14,9.37,84.75,0.00
14,9.52,83.54,0.00
14,10.38,84.22,0.00
14,8.79,85.10,0.00
14,8.71,85.51,0.00
14,9.73,85.53,0.00
14,9.02,84.94,0.00
14,9.35,84.25,0.08
14,9.81,83.76,0.00
14,10.26,83.71,0.01
15,21.30,69.02,0.08
15,15.31,77.41,0.00
15,17.49,74.48,0.00
15,9.99,83.46,0.00
15,9.27,83.49,0.08
15,12.65,81.11,0.00
15,13.01,80.78,0.00
15,8.97,84.07,0.00
15,8.29,84.70,0.00
15,9.82,84.13,0.00
15,10.69,83.38,0.00
15,8.81,85.74,0.00
15,9.87,84.51,0.09
15,9.03,84.24,0.00
15,7.84,86.24,0.00
15,9.60,83.24,0.00
15,8.76,85.26,0.08
15,9.31,85.61,0.00
15,9.30,84.83,0.08
15,11.74,80.09,0.00
15,14.50,77.74,0.08
15,11.19,81.92,0.00
15,9.18,83.32,0.00
15,7.44,86.22,0.08
15,14.20,76.69,0.00
15,9.71,83.39,0.00
15,8.16,85.10,0.00
15,12.77,80.84,0.00
15,10.30,83.45,0.00
15,13.27,79.51,0.08
15,11.06,82.13,0.02
16,13.49,76.25,0.00
16,13.27,76.49,0.00
16,12.97,78.91,0.17
16,10.08,84.03,0.00
16,8.85,83.39,0.00
16,8.13,85.77,0.00
16,11.59,82.28,0.08
16,10.14,83.40,0.00
16,8.81,84.23,0.17
16,8.58,84.03,0.00
16,7.90,85.55,0.00
16,8.05,84.49,0.00
16,8.79,84.47,0.00
16,9.09,83.57,0.00
16,8.60,85.58,0.00
16,8.82,84.62,0.00
16,7.93,85.68,0.00
16,9.32,83.90,0.08
16,8.42,85.10,0.00
16,8.91,83.96,0.00
16,12.12,80.93,0.00
16,13.94,77.79,0.00
16,13.15,77.74,0.00
16,16.65,74.14,0.00
16,14.18,76.17,0.08
16,10.51,82.54,0.00
16,10.38,82.03,0.00
16,8.88,84.94,0.00
16,7.34,85.92,0.00
16,8.92,80.30,2.86
16,10.26,82.27,0.12
