cpus_count,usr,sys,iowait
1,3.60,8.19,0.84
1,4.77,9.62,0.17
1,4.42,8.83,0.17
1,8.38,9.14,0.08
1,4.27,7.70,0.25
1,5.02,7.95,0.17
1,5.49,8.24,0.08
1,4.26,7.85,0.17
1,5.18,7.44,0.00
1,2.76,7.87,0.08
1,8.31,8.64,0.17
1,5.19,7.87,0.00
1,3.18,7.69,0.08
1,2.76,7.44,0.00
1,4.83,7.33,0.08
1,3.01,7.10,0.08
1,2.25,7.42,0.00
1,5.63,7.98,0.08
1,6.78,8.37,0.17
1,7.14,8.15,0.08
1,4.34,8.01,0.25
1,4.26,7.69,0.17
1,6.13,7.89,0.08
1,5.26,8.76,0.25
1,4.92,8.26,0.00
1,5.02,8.36,0.00
1,6.31,7.55,0.17
1,5.44,8.71,0.25
1,5.26,8.76,3.84
1,5.28,7.71,0.00
1,4.98,8.08,0.26
2,5.95,15.66,0.34
2,4.43,15.72,0.08
2,5.28,15.09,0.08
2,3.42,15.19,0.00
2,8.54,15.31,0.08
2,3.17,15.46,0.08
2,4.15,14.87,0.08
2,10.98,18.69,0.17
2,8.02,16.20,0.08
2,6.51,15.44,0.42
2,4.58,15.15,0.08
2,3.67,15.00,0.00
2,4.11,15.26,0.00
2,4.58,14.83,0.25
2,5.33,15.50,0.33
2,5.09,15.36,0.08
2,8.54,16.99,0.00
2,8.58,16.32,0.00
2,9.13,16.25,0.08
2,4.59,14.94,0.42
2,6.00,15.15,0.00
2,4.17,15.35,0.08
2,5.27,15.15,0.08
2,4.50,15.10,0.17
2,6.28,14.98,0.08
2,5.87,14.50,0.08
2,5.84,15.18,0.00
2,5.17,15.42,0.08
2,5.75,14.57,0.33
2,5.18,14.38,0.00
2,5.75,15.43,0.12
3,5.73,23.49,0.50
3,8.71,22.70,0.08
3,8.12,22.78,0.08
3,6.76,22.37,0.08
3,5.18,22.16,0.08
3,5.92,22.19,0.00
3,5.94,22.07,0.00
3,5.35,21.74,0.08
3,5.18,22.07,0.17
3,5.00,22.17,0.00
3,4.25,21.93,0.17
3,4.77,22.19,0.00
3,5.01,21.70,0.08
3,5.17,22.33,0.08
3,4.50,21.83,0.08
3,4.11,21.88,0.00
3,3.99,22.18,0.00
3,4.50,22.25,0.00
3,4.09,21.85,0.08
3,3.84,22.04,0.00
3,7.33,21.73,0.17
3,4.25,21.98,0.08
3,4.59,21.62,0.00
3,4.01,21.95,0.00
3,6.53,22.18,0.00
3,4.67,21.79,0.17
3,4.41,21.82,0.00
3,3.68,22.41,0.00
3,4.67,21.54,0.00
3,4.17,22.02,0.17
3,5.15,22.10,0.07
4,6.50,28.50,0.08
4,6.24,30.72,0.17
4,7.26,29.80,0.08
4,5.84,29.69,0.25
4,9.36,28.57,0.08
4,6.84,29.86,0.17
4,5.61,29.23,0.00
4,6.60,29.07,0.00
4,6.66,28.79,0.08
4,15.45,31.65,0.00
4,6.76,29.22,0.25
4,8.63,29.25,0.25
4,7.54,29.25,0.17
4,10.74,29.23,0.08
4,7.61,29.43,0.25
4,12.03,31.50,0.17
4,5.33,29.83,0.08
4,5.08,29.73,0.17
4,12.15,30.18,0.08
4,16.36,30.22,0.33
4,7.58,29.23,0.17
4,6.12,29.03,0.08
4,16.89,31.01,0.08
4,7.47,29.81,0.00
4,4.77,30.40,0.34
4,7.76,29.36,0.17
4,8.10,30.30,0.17
4,12.52,32.55,0.00
4,8.85,30.30,0.17
4,9.47,29.42,0.25
4,8.60,29.84,0.14
5,9.42,36.11,0.50
5,12.16,36.58,0.08
5,10.46,37.07,0.25
5,11.33,37.17,0.08
5,8.67,37.28,0.42
5,10.11,37.09,0.00
5,9.36,36.45,0.17
5,8.41,36.97,0.33
5,10.92,36.97,0.08
5,9.78,37.21,0.00
5,10.14,36.46,0.08
5,9.27,36.64,0.08
5,9.12,36.90,0.25
5,10.38,37.07,0.08
5,8.89,37.97,0.00
5,11.17,37.62,0.25
5,8.79,36.77,0.25
5,10.70,37.04,0.08
5,11.37,37.51,0.25
5,8.04,37.19,0.00
5,8.96,37.31,0.25
5,9.20,37.88,0.00
5,8.60,37.81,0.08
5,8.34,36.28,0.08
5,8.60,37.18,0.25
5,9.14,36.55,0.25
5,7.69,36.68,0.25
5,11.06,36.49,0.25
5,8.12,36.68,0.00
5,10.11,37.84,0.25
5,9.61,37.03,0.16
6,13.51,44.71,0.25
6,11.42,47.08,0.17
6,21.14,46.37,0.25
6,11.92,45.17,0.00
6,9.21,44.14,0.17
6,10.16,43.80,0.17
6,8.90,44.51,0.17
6,11.07,44.63,0.08
6,11.15,44.93,0.17
6,11.74,44.05,0.17
6,11.74,44.84,0.17
6,10.79,44.31,0.08
6,12.24,45.80,0.00
6,10.69,46.97,0.08
6,16.99,47.21,0.00
6,11.92,44.33,0.08
6,9.67,44.37,0.17
6,7.88,44.26,0.08
6,7.66,44.71,0.08
6,8.96,44.47,0.34
6,8.67,44.75,0.08
6,11.78,44.61,0.08
6,9.39,43.77,0.08
6,9.59,43.95,0.17
6,8.88,44.97,0.08
6,10.11,45.36,0.08
6,10.66,44.71,0.08
6,9.29,43.68,0.08
6,8.50,44.67,0.08
6,10.03,44.78,0.08
6,10.85,44.86,0.12
7,12.01,52.31,0.17
7,12.27,52.09,0.08
7,15.21,51.12,0.25
7,10.89,52.93,0.08
7,11.54,51.76,0.00
7,10.79,51.72,0.17
7,11.91,51.54,0.08
7,9.62,52.17,0.08
7,13.17,52.33,0.25
7,11.99,52.47,0.17
7,8.56,52.90,0.25
7,10.08,51.67,0.17
7,10.85,51.70,0.00
7,9.53,52.26,0.17
7,14.37,52.46,0.08
7,12.02,51.50,0.25
7,11.37,52.09,0.00
7,8.95,52.38,0.00
7,8.89,51.54,0.00
7,8.79,52.55,0.17
7,8.96,51.68,0.08
7,10.50,53.08,0.00
7,8.78,52.17,0.08
7,11.57,52.21,0.08
7,13.32,53.12,0.00
7,15.35,53.38,0.25
7,11.36,52.97,0.08
7,12.48,51.68,0.08
7,11.34,52.96,0.17
7,10.57,52.18,0.17
7,11.24,52.23,0.11
8,11.39,58.85,0.08
8,15.55,61.54,0.08
8,10.04,60.75,0.17
8,12.54,60.79,0.08
8,9.61,60.48,0.08
8,10.94,59.90,0.08
8,11.07,60.32,0.00
8,11.62,60.17,0.25
8,12.08,61.08,0.17
8,11.68,59.38,0.08
8,9.52,59.90,0.08
8,12.35,60.02,0.00
8,10.73,60.23,0.08
8,11.33,59.17,0.25
8,12.36,60.90,0.00
8,14.55,60.98,0.17
8,11.71,60.45,0.00
8,10.45,60.54,0.08
8,10.07,59.82,0.00
8,13.23,60.30,0.08
8,12.02,60.77,0.00
8,10.47,60.47,0.17
8,10.28,60.90,0.00
8,13.13,61.62,0.08
8,19.55,61.65,0.08
8,13.89,61.34,0.08
8,12.28,59.17,0.17
8,17.28,61.27,0.00
8,12.29,60.37,0.00
8,14.78,60.88,0.00
8,12.29,60.47,0.08
9,11.56,67.05,0.25
9,13.49,67.78,0.00
9,12.09,68.64,0.17
9,12.35,67.78,0.08
9,9.78,68.81,0.08
9,10.63,68.02,0.08
9,11.71,67.89,0.17
9,13.32,68.26,0.17
9,15.82,68.03,0.00
9,19.78,66.89,0.00
9,12.88,70.23,0.08
9,16.30,67.81,0.08
9,10.24,66.44,0.00
9,7.77,68.59,0.08
9,8.89,67.66,0.08
9,8.94,68.50,0.00
9,8.61,68.14,0.08
9,9.42,68.33,0.00
9,9.16,67.86,0.00
9,9.17,67.39,0.25
9,9.43,66.86,0.00
9,9.50,68.17,0.00
9,8.77,68.25,0.00
9,8.00,68.33,0.00
9,7.97,68.44,0.00
9,8.86,67.56,0.00
9,8.46,67.50,0.00
9,12.94,67.66,0.58
9,10.45,67.81,0.25
9,9.01,67.72,0.00
9,10.84,67.95,0.08
10,9.63,73.37,0.17
10,12.53,75.36,0.08
10,11.50,75.23,0.08
10,10.58,74.17,0.08
10,16.95,73.61,0.00
10,11.81,75.38,0.00
10,13.47,74.41,0.00
10,12.72,76.15,0.08
10,15.83,75.17,0.00
10,14.03,73.96,0.17
10,16.49,75.73,0.00
10,14.36,74.56,0.00
10,16.00,74.92,0.08
10,14.62,74.60,0.00
10,11.34,77.14,0.00
10,10.24,75.02,0.00
10,9.98,74.79,0.00
10,10.36,75.36,0.00
10,10.40,74.96,0.08
10,10.10,76.13,0.08
10,10.12,74.46,0.08
10,12.97,74.81,0.00
10,9.01,75.31,0.00
10,11.58,74.83,0.00
10,13.62,75.61,0.08
10,11.63,75.08,0.00
10,12.59,76.74,0.08
10,9.02,75.44,0.08
10,10.32,74.50,0.08
10,11.65,75.52,0.00
10,12.18,75.08,0.04
11,11.45,79.77,0.17
11,11.76,80.25,0.17
11,12.95,79.28,0.08
11,12.94,80.42,0.08
11,12.32,80.47,0.08
11,10.81,80.80,0.00
11,10.43,81.83,0.00
11,9.37,81.76,0.17
11,11.38,80.78,0.00
11,12.68,80.73,0.00
11,11.78,79.95,0.00
11,9.12,82.76,0.00
11,11.87,80.30,0.00
11,12.55,81.04,0.00
11,12.77,79.58,0.08
11,11.86,80.49,0.00
11,10.97,82.50,0.00
11,10.81,82.23,0.17
11,10.99,81.63,0.00
11,14.37,79.70,0.00
11,10.70,80.62,0.17
11,10.43,80.98,0.00
11,10.35,81.30,0.00
11,11.70,79.87,0.00
11,10.53,81.47,0.00
11,8.80,82.90,0.00
11,9.15,81.86,0.08
11,9.88,80.82,0.08
11,10.47,80.90,0.00
11,10.03,81.95,0.17
11,11.17,80.97,0.05
12,10.80,82.75,0.00
12,10.65,84.58,0.00
12,12.58,81.50,0.00
12,9.11,85.67,0.25
12,10.36,83.32,0.00
12,11.53,82.79,0.00
12,11.91,82.97,0.00
12,11.01,83.32,0.00
12,9.36,85.92,0.00
12,15.23,79.36,0.00
12,12.19,81.64,0.00
12,9.17,85.75,0.00
12,10.60,84.78,0.00
12,8.55,85.86,0.00
12,11.49,82.13,0.00
12,14.03,79.83,0.00
12,13.05,80.92,0.00
12,12.14,80.90,0.00
12,10.69,83.88,0.08
12,8.80,87.01,0.08
12,9.80,83.58,0.00
12,10.23,84.02,0.00
12,8.43,84.07,0.00
12,9.65,85.23,0.00
12,8.21,87.14,0.00
12,8.16,86.54,0.00
12,9.79,84.98,0.00
12,8.00,88.05,0.00
12,8.65,86.99,0.00
12,8.03,87.45,0.08
12,10.41,84.10,0.02
13,8.68,83.97,0.00
13,9.39,85.41,0.00
13,8.04,85.96,0.00
13,12.61,80.76,0.00
13,9.62,83.97,0.08
13,9.60,84.75,0.00
13,12.91,81.27,0.00
13,14.11,79.35,0.08
13,12.21,80.52,0.08
13,9.80,83.95,0.00
13,10.94,84.01,0.00
13,9.77,84.08,0.08
13,11.45,83.04,0.00
13,10.84,82.10,0.00
13,9.51,84.38,0.00
13,9.06,84.50,0.00
13,7.89,85.33,0.00
13,12.15,81.35,0.00
13,10.90,82.60,0.08
13,10.52,84.51,0.00
13,7.79,86.43,0.00
13,7.78,86.55,0.00
13,8.18,86.46,0.00
13,9.68,84.26,0.00
13,8.53,84.80,0.00
13,8.46,85.36,0.00
13,11.87,82.66,0.00
13,11.45,83.08,0.00
13,8.60,85.41,0.00
13,8.45,84.11,0.00
13,10.03,83.83,0.01
14,10.01,82.76,0.00
14,11.49,81.88,0.08
14,9.39,85.33,0.00
14,9.62,84.77,0.00
14,11.28,81.99,0.00
14,10.81,83.11,0.00
14,10.42,84.24,0.00
14,17.26,75.98,0.00
14,9.00,85.11,0.00
14,9.01,84.92,0.00
14,10.27,84.18,0.00
14,12.24,81.60,0.17
14,13.70,80.20,0.00
14,11.35,83.40,0.00
14,9.71,84.85,0.00
14,10.18,83.85,0.00
14,8.59,84.76,0.00
14,11.12,82.48,0.08
14,13.27,80.35,0.00
14,10.73,83.49,0.00
14,7.58,86.93,0.00
14,10.90,83.18,0.00
14,8.42,85.35,0.00
14,8.54,85.09,0.00
14,7.06,86.14,0.00
14,7.19,87.31,0.00
14,7.14,87.00,0.00
14,7.90,85.97,0.00
14,7.85,86.67,0.00
14,9.14,84.17,0.00
14,10.04,83.90,0.01
15,13.05,76.95,0.00
15,11.56,82.24,0.00
15,10.76,81.93,0.00
15,10.60,82.80,0.00
15,11.13,81.26,0.00
15,12.12,80.60,0.00
15,10.06,83.38,0.00
15,8.59,85.02,0.00
15,8.03,85.80,0.00
15,9.98,83.67,0.00
15,9.26,84.26,0.08
15,9.71,83.60,0.00
15,10.40,83.81,0.00
15,8.90,85.68,0.00
15,8.28,85.21,0.00
15,9.54,83.53,0.00
15,9.86,84.16,0.00
15,9.40,82.96,0.08
15,12.02,81.46,0.00
15,10.87,82.51,0.00
15,10.56,82.23,0.00
15,9.27,83.49,0.08
15,9.01,84.08,0.00
15,10.19,84.18,0.00
15,11.30,81.87,0.00
15,11.20,82.56,0.00
15,11.55,82.09,0.00
15,9.16,84.29,0.08
15,9.58,83.45,0.08
15,9.27,83.47,0.00
15,10.17,83.08,0.01
16,14.04,74.60,0.00
16,13.66,78.08,0.00
16,10.11,82.73,0.00
16,9.60,82.39,0.00
16,8.65,83.88,0.00
16,14.37,77.90,0.00
16,17.15,74.07,0.00
16,18.10,73.31,0.00
16,12.08,78.52,0.00
16,10.36,81.55,0.17
16,9.39,82.31,0.00
16,10.56,81.31,0.08
16,12.41,80.84,0.17
16,10.97,82.08,0.08
16,12.16,79.22,0.17
16,9.81,83.18,0.00
16,14.39,78.03,0.08
16,9.60,83.14,0.00
16,8.85,84.49,0.00
16,19.06,74.06,0.08
16,12.74,79.38,0.00
16,10.60,81.41,0.00
16,11.96,79.57,0.08
16,9.99,82.13,0.00
16,12.99,78.04,0.00
16,14.12,78.74,0.00
16,13.93,77.94,0.00
16,12.74,78.33,0.00
16,10.45,81.94,0.00
16,12.42,79.31,0.00
16,12.24,79.75,0.03
