cpus_count,usr,sys,iowait
1,2.99,16.17,0.58
1,2.43,16.23,0.50
1,3.83,17.42,0.08
1,2.42,15.93,0.08
1,3.62,16.15,0.08
1,4.73,17.19,0.00
1,6.43,17.13,0.33
1,8.78,17.81,0.25
1,7.93,16.61,0.00
1,8.05,16.85,0.92
1,11.21,17.71,0.08
1,12.03,17.91,0.25
1,8.26,17.11,0.08
1,7.79,17.92,0.08
1,6.58,16.71,0.00
1,6.63,16.02,0.00
1,7.71,16.33,0.08
1,4.75,16.75,0.17
1,6.68,16.46,0.92
1,7.66,16.08,0.42
1,7.92,17.25,0.25
1,7.71,16.93,0.17
1,6.14,16.75,0.08
1,7.43,16.44,0.17
1,7.17,16.93,0.08
1,6.94,16.56,0.33
1,6.52,17.14,0.17
1,6.97,16.88,0.17
1,5.71,16.47,0.25
1,6.29,16.61,0.00
1,6.64,16.82,0.22
2,9.49,33.08,0.76
2,8.98,33.75,1.16
2,5.22,32.52,0.08
2,5.63,32.18,0.42
2,6.12,32.86,0.17
2,5.59,33.69,0.67
2,4.26,31.77,0.17
2,3.99,31.40,0.00
2,3.92,31.00,0.08
2,3.19,32.10,0.42
2,3.69,31.32,0.17
2,3.60,31.27,0.33
2,5.52,31.27,0.08
2,4.76,31.24,0.00
2,4.59,31.89,0.25
2,5.84,31.36,0.17
2,6.54,31.01,0.17
2,5.09,31.69,0.17
2,8.28,32.19,0.42
2,5.27,33.03,0.33
2,4.87,31.04,0.00
2,4.09,30.74,0.08
2,5.11,32.02,0.34
2,6.28,31.32,0.25
2,5.56,32.01,0.17
2,3.09,31.86,0.08
2,2.84,31.47,0.25
2,4.84,31.05,0.08
2,2.66,31.47,0.33
2,3.01,31.39,0.08
2,5.06,31.83,0.26
3,5.84,48.12,0.58
3,4.43,46.45,0.08
3,4.66,46.13,0.00
3,4.09,46.66,0.08
3,4.57,46.59,0.17
3,5.70,48.83,0.00
3,4.85,46.74,0.33
3,4.18,47.03,0.08
3,3.85,46.53,0.50
3,4.99,46.38,0.08
3,3.84,46.49,0.33
3,3.84,46.91,0.08
3,4.89,46.77,0.33
3,3.77,47.74,0.00
3,4.09,46.46,0.08
3,2.76,47.53,0.00
3,3.69,47.24,0.17
3,5.02,47.32,0.92
3,3.92,47.00,0.00
3,4.33,47.08,0.17
3,3.67,46.46,0.08
3,3.16,47.29,0.00
3,3.92,46.17,0.00
3,3.17,47.08,0.08
3,3.93,46.87,0.08
3,3.08,46.92,0.25
3,3.25,46.87,0.17
3,4.09,46.54,0.00
3,4.60,46.36,0.42
3,3.84,46.87,0.08
3,4.13,46.91,0.17
4,6.83,61.25,0.08
4,4.76,62.24,0.08
4,4.53,62.87,0.34
4,5.57,61.76,0.25
4,4.84,62.35,0.25
4,5.84,61.94,0.17
4,6.99,60.62,0.08
4,6.13,62.97,3.86
4,6.65,62.71,0.08
4,5.75,63.08,0.25
4,7.50,62.42,0.00
4,6.96,61.44,0.00
4,7.08,61.53,0.00
4,5.25,61.75,0.08
4,6.40,61.13,0.33
4,4.69,62.28,0.25
4,5.02,62.21,0.25
4,4.94,61.98,0.17
4,6.74,60.65,0.25
4,5.94,61.51,0.00
4,6.51,61.02,0.08
4,6.27,61.15,0.17
4,6.00,61.37,0.08
4,5.59,62.22,0.00
4,4.25,62.75,0.33
4,5.19,62.18,0.25
4,5.32,61.81,0.17
4,4.25,62.80,0.00
4,5.26,61.85,0.08
4,5.03,63.03,0.08
4,5.74,61.96,0.27
5,9.46,74.87,0.25
5,9.74,75.27,0.17
5,9.53,74.75,0.00
5,8.86,75.27,0.00
5,8.01,76.29,0.17
5,9.27,77.11,0.00
5,8.89,75.23,0.08
5,7.85,75.52,0.08
5,8.00,75.75,0.08
5,8.68,75.71,0.00
5,7.26,76.23,0.08
5,7.38,76.19,0.08
5,7.00,76.50,0.17
5,8.19,77.26,0.00
5,12.36,77.19,0.42
5,9.62,79.01,0.17
5,9.28,76.76,0.00
5,9.77,76.54,0.25
5,8.51,77.30,0.17
5,8.01,78.48,0.17
5,7.18,78.05,0.17
5,5.70,79.23,0.00
5,5.74,78.70,0.17
5,7.68,77.46,0.17
5,7.35,76.61,0.17
5,7.44,76.27,0.25
5,7.70,77.66,0.08
5,9.19,76.19,0.08
5,7.65,78.04,0.08
5,7.69,77.19,0.25
5,8.30,76.75,0.13
6,11.37,85.12,0.17
6,9.36,88.46,0.08
6,9.80,88.86,0.00
6,9.84,89.41,0.00
6,10.12,88.38,0.00
6,12.12,86.12,0.00
6,13.37,86.22,0.00
6,12.03,87.47,0.00
6,13.01,86.57,0.00
6,11.33,88.33,0.00
6,11.79,87.29,0.00
6,12.36,86.63,0.00
6,12.58,86.08,0.00
6,12.84,86.41,0.00
6,11.38,87.70,0.00
6,11.91,86.41,0.00
6,10.68,88.31,0.00
6,12.74,86.34,0.00
6,11.30,87.87,0.00
6,12.89,85.77,0.00
6,8.32,90.27,0.00
6,9.11,89.30,0.08
6,8.63,89.86,0.00
6,9.06,89.51,0.00
6,9.21,89.53,0.08
6,10.03,86.55,0.00
6,13.52,85.14,0.00
6,11.61,87.73,0.00
6,11.15,87.51,0.00
6,13.19,85.89,0.00
6,11.22,87.50,0.01
7,14.50,82.40,0.08
7,13.92,85.67,0.00
7,11.93,87.32,0.00
7,13.69,85.14,0.00
7,12.48,86.52,0.00
7,14.60,83.90,0.00
7,13.45,85.80,0.00
7,12.24,87.09,0.00
7,12.01,87.32,0.00
7,13.34,85.99,0.08
7,13.22,85.61,0.00
7,12.73,85.85,0.08
7,12.82,86.25,0.00
7,12.08,86.83,0.00
7,11.51,87.41,0.00
7,11.52,87.31,0.00
7,12.78,86.13,0.08
7,11.88,87.11,0.00
7,13.57,85.60,0.00
7,12.31,87.02,0.00
7,12.37,86.62,0.00
7,13.05,86.19,0.00
7,12.29,86.62,0.00
7,11.70,87.22,0.00
7,12.94,86.23,0.00
7,12.02,86.48,0.00
7,12.44,86.56,0.00
7,13.19,86.31,0.00
7,11.45,87.55,0.00
7,12.16,86.91,0.00
7,12.67,86.30,0.01
8,12.33,84.67,0.00
8,11.64,86.68,0.00
8,12.78,86.39,0.00
8,11.39,88.02,0.00
8,12.09,86.91,0.00
8,12.81,85.68,0.00
8,12.43,86.16,0.00
8,11.75,87.17,0.00
8,11.71,87.29,0.00
8,12.34,86.91,0.00
8,10.86,88.97,0.00
8,10.87,88.46,0.00
8,10.68,89.07,0.00
8,11.54,88.29,0.00
8,11.53,88.30,0.00
8,12.17,87.33,0.00
8,12.72,86.61,0.00
8,16.00,82.58,0.08
8,12.82,86.43,0.00
8,16.68,82.31,0.00
8,12.32,86.34,0.00
8,12.88,86.20,0.00
8,13.67,85.75,0.00
8,11.32,88.26,0.00
8,12.34,86.66,0.00
8,14.04,84.38,0.25
8,17.56,81.10,0.00
8,16.14,82.94,0.08
8,12.53,86.63,0.00
8,13.69,85.56,0.00
8,12.79,86.27,0.01
9,14.01,83.14,0.00
9,11.55,87.03,0.08
9,17.00,81.25,0.00
9,18.93,80.48,0.00
9,13.08,85.08,0.00
9,13.47,85.02,0.00
9,11.85,87.73,0.00
9,11.45,88.21,0.00
9,12.64,86.11,0.08
9,14.86,82.89,0.00
9,15.09,82.98,0.08
9,15.61,83.81,0.00
9,11.91,87.09,0.17
9,14.15,84.92,0.08
9,16.25,83.25,0.00
9,13.86,85.56,0.00
9,11.88,87.45,0.00
9,11.76,87.57,0.00
9,11.48,87.76,0.00
9,12.49,87.26,0.00
9,13.24,86.09,0.08
9,12.43,87.07,0.08
9,13.87,85.63,0.00
9,12.90,86.43,0.00
9,18.19,79.80,0.08
9,12.70,86.55,0.00
9,12.87,86.72,0.00
9,15.65,83.93,0.00
9,11.22,88.11,0.17
9,14.05,84.62,0.00
9,13.68,85.32,0.03
10,18.67,78.25,0.08
10,11.23,87.19,0.08
10,11.05,88.28,0.00
10,11.29,87.46,0.00
10,11.72,87.36,0.00
10,10.52,88.48,0.00
10,10.30,88.78,0.08
10,10.78,88.30,0.00
10,10.76,88.91,0.00
10,12.12,87.79,0.00
10,11.41,88.43,0.00
10,11.39,87.61,0.00
10,10.99,88.00,0.00
10,11.54,87.37,0.00
10,10.50,88.42,0.00
10,10.64,88.61,0.00
10,10.13,88.79,0.00
10,11.98,86.86,0.00
10,12.37,86.37,0.08
10,12.31,86.10,0.00
10,11.05,88.20,0.00
10,16.47,82.70,0.00
10,15.75,82.75,0.00
10,12.17,86.58,0.00
10,11.42,87.57,0.00
10,13.72,85.44,0.00
10,10.73,88.60,0.00
10,11.42,87.07,0.08
10,14.00,84.25,0.00
10,13.28,85.55,0.00
10,12.06,86.87,0.01
11,12.57,85.01,0.08
11,10.00,89.17,0.00
11,10.73,88.94,0.00
11,16.27,83.40,0.00
11,11.58,87.92,0.00
11,14.02,84.56,0.00
11,11.83,87.08,0.00
11,11.93,86.99,0.00
11,11.45,87.04,0.00
11,14.95,83.96,0.00
11,11.28,87.64,0.00
11,14.24,85.09,0.00
11,12.59,85.82,0.00
11,10.61,87.89,0.08
11,11.31,88.19,0.00
11,10.52,88.73,0.08
11,10.83,88.25,0.08
11,10.54,88.13,0.00
11,12.25,86.42,0.08
11,13.80,85.12,0.00
11,14.77,84.31,0.08
11,10.55,88.19,0.00
11,12.81,86.13,0.00
11,9.77,89.73,0.00
11,10.47,88.78,0.00
11,10.51,88.99,0.00
11,12.55,86.95,0.08
11,10.44,88.89,0.00
11,10.10,89.48,0.00
11,10.03,87.54,0.67
11,11.85,87.14,0.04
12,11.80,85.62,0.00
12,10.19,89.47,0.00
12,9.89,89.94,0.00
12,9.92,89.92,0.00
12,10.02,89.73,0.00
12,10.47,89.29,0.00
12,10.61,89.22,0.00
12,10.13,89.37,0.00
12,11.19,88.65,0.00
12,9.31,90.52,0.00
12,10.32,89.43,0.00
12,10.03,89.97,0.00
12,10.65,89.10,0.00
12,10.33,89.50,0.00
12,10.67,89.17,0.00
12,10.25,89.67,0.00
12,11.10,88.90,0.00
12,9.84,89.99,0.00
12,10.65,89.10,0.00
12,10.18,89.73,0.00
12,9.48,90.19,0.00
12,10.49,89.34,0.00
12,10.08,89.75,0.00
12,10.85,88.98,0.00
12,10.07,89.76,0.00
12,10.68,89.23,0.00
12,9.42,90.50,0.00
12,10.15,89.60,0.00
12,10.68,89.32,0.00
12,10.34,89.57,0.00
12,10.33,89.42,0.00
13,12.27,85.81,0.00
13,11.23,87.85,0.00
13,10.30,89.45,0.00
13,9.79,89.96,0.00
13,12.69,86.89,0.00
13,16.46,83.29,0.00
13,16.04,83.46,0.00
13,16.68,82.99,0.00
13,13.17,86.58,0.00
13,9.61,90.23,0.00
13,9.98,89.68,0.00
13,10.56,89.19,0.00
13,12.19,87.56,0.00
13,14.77,84.89,0.00
13,14.40,85.01,0.00
13,11.34,88.16,0.00
13,12.73,86.94,0.00
13,11.07,88.68,0.00
13,9.84,90.08,0.00
13,9.43,90.48,0.00
13,9.67,90.25,0.00
13,10.59,89.16,0.00
13,11.12,88.71,0.00
13,11.22,88.78,0.00
13,10.22,89.61,0.00
13,10.75,89.08,0.00
13,10.52,89.40,0.00
13,9.85,89.98,0.00
13,9.40,90.27,0.00
13,9.90,90.02,0.00
13,11.59,88.08,0.00
14,11.98,86.11,0.00
14,14.81,84.19,0.00
14,10.68,89.24,0.00
14,10.75,89.08,0.00
14,13.26,86.57,0.00
14,10.40,89.43,0.00
14,9.18,90.73,0.00
14,11.66,88.18,0.00
14,10.33,89.58,0.00
14,9.25,90.67,0.00
14,10.10,89.82,0.00
14,12.32,87.18,0.00
14,14.13,85.37,0.00
14,12.56,86.94,0.00
14,9.68,89.90,0.00
14,10.60,89.15,0.00
14,10.76,89.07,0.00
14,12.43,87.32,0.00
14,14.99,84.51,0.00
14,11.51,88.24,0.00
14,9.33,90.26,0.00
14,11.00,88.50,0.00
14,10.59,89.16,0.00
14,11.70,88.05,0.00
14,11.77,87.98,0.00
14,11.16,88.59,0.00
14,11.11,88.89,0.00
14,10.41,89.51,0.00
14,9.67,90.16,0.00
14,10.97,88.86,0.00
14,11.30,88.37,0.00
15,12.69,85.39,0.00
15,14.19,85.23,0.00
15,11.11,88.81,0.00
15,10.13,89.62,0.00
15,9.91,89.93,0.00
15,12.00,87.75,0.00
15,10.93,88.90,0.00
15,10.89,88.61,0.00
15,10.11,89.56,0.00
15,10.91,88.93,0.00
15,10.11,89.64,0.00
15,10.98,88.77,0.00
15,10.24,89.43,0.00
15,10.84,88.74,0.00
15,10.25,89.50,0.00
15,10.52,89.23,0.00
15,9.58,89.84,0.00
15,10.93,88.82,0.00
15,11.73,87.77,0.00
15,13.19,86.48,0.00
15,15.24,84.60,0.00
15,12.70,86.88,0.00
15,12.58,87.25,0.00
15,13.46,86.30,0.00
15,13.68,86.24,0.00
15,13.72,85.87,0.00
15,15.74,83.76,0.00
15,15.04,84.54,0.00
15,15.49,84.10,0.00
15,15.33,84.17,0.00
15,12.14,87.49,0.00
16,14.37,83.79,0.00
16,19.03,80.22,0.00
16,16.79,82.46,0.00
16,14.80,84.37,0.00
16,13.86,85.56,0.00
16,13.69,85.73,0.00
16,15.08,84.25,0.00
16,15.83,83.58,0.00
16,16.67,82.75,0.00
16,13.52,85.89,0.00
16,15.28,83.89,0.00
16,13.43,86.24,0.00
16,12.85,86.81,0.00
16,11.38,88.28,0.00
16,12.22,87.28,0.00
16,13.30,86.28,0.00
16,12.41,86.93,0.00
16,12.60,86.98,0.00
16,11.84,87.91,0.00
16,12.48,87.10,0.00
16,11.93,87.82,0.00
16,11.99,87.59,0.00
16,11.43,88.24,0.00
16,11.22,88.45,0.00
16,12.62,86.96,0.00
16,16.40,83.18,0.00
16,13.80,85.87,0.00
16,13.14,86.69,0.00
16,13.46,86.29,0.00
16,11.45,88.38,0.00
16,13.63,85.86,0.00
