cpus_count,usr,sys,iowait
1,3.49,19.17,0.19
1,3.42,18.25,0.10
1,1.72,18.83,0.10
1,5.39,20.23,0.10
1,8.28,20.17,0.00
1,3.86,20.19,0.58
1,5.07,20.27,0.19
1,3.02,18.87,0.10
1,2.50,18.38,0.29
1,7.35,20.23,0.38
1,4.64,20.09,0.09
1,6.62,19.46,0.00
1,3.84,19.67,0.00
1,11.88,19.16,0.29
1,6.85,20.06,0.10
1,10.22,19.86,0.48
1,4.68,19.58,0.00
1,3.08,19.35,0.00
1,2.21,18.65,0.10
1,2.69,19.31,0.00
1,1.93,17.99,0.00
1,7.52,60.65,0.27
1,10.76,88.91,0.00
1,11.55,88.12,0.00
1,12.87,86.63,0.00
1,12.12,87.29,0.00
1,8.17,91.75,0.00
1,9.76,90.16,0.00
1,9.66,90.01,0.00
1,9.50,90.25,0.00
1,6.65,41.35,0.11
2,8.87,89.97,0.00
2,10.85,88.90,0.00
2,9.11,90.48,0.00
2,9.68,89.73,0.00
2,9.16,90.17,0.00
2,10.39,88.94,0.00
2,9.19,90.31,0.00
2,9.16,90.26,0.00
2,10.42,89.00,0.00
2,10.83,88.92,0.00
2,12.42,87.42,0.00
2,9.44,90.48,0.00
2,10.80,88.79,0.00
2,9.65,90.10,0.00
2,11.79,87.96,0.00
2,7.85,58.15,0.00
2,8.28,43.44,0.00
2,4.26,44.35,0.00
2,4.65,42.49,0.00
2,5.39,42.68,0.11
2,6.15,43.69,0.11
2,6.46,44.23,0.32
2,5.88,44.02,0.00
2,5.98,42.22,0.00
2,5.49,43.81,0.00
2,4.05,43.66,0.11
2,5.06,43.32,0.22
2,5.95,43.46,0.22
2,5.22,45.47,0.00
2,5.26,42.72,0.00
2,8.20,69.81,0.03
3,4.76,66.91,0.00
3,6.25,66.56,0.00
3,7.02,66.52,0.00
3,6.84,66.11,0.00
3,7.49,65.86,0.00
3,8.17,66.13,0.00
3,5.77,67.79,0.00
3,4.97,67.82,0.00
3,7.51,65.61,0.00
3,6.37,65.81,0.00
3,7.68,67.24,0.11
3,7.58,66.88,0.00
3,13.90,65.91,0.00
3,4.03,67.34,0.00
3,4.62,67.00,0.00
3,3.70,67.45,0.00
3,4.18,67.58,0.00
3,3.96,67.66,0.11
3,4.82,66.26,0.00
3,6.68,66.37,0.00
3,14.05,65.74,0.00
3,13.27,65.10,0.00
3,7.17,67.21,0.11
3,9.49,68.12,0.00
3,11.05,66.10,0.00
3,5.48,68.20,0.00
3,4.42,68.18,0.00
3,11.37,65.47,0.00
3,17.40,65.19,0.00
3,9.79,66.60,0.00
3,7.73,66.68,0.01
4,6.86,78.57,0.00
4,8.16,78.72,0.00
4,8.99,78.59,0.00
4,5.33,80.36,0.00
4,7.12,79.51,0.00
4,6.65,79.57,0.00
4,5.40,80.57,0.00
4,6.25,79.79,0.00
4,4.90,80.42,0.10
4,5.24,80.51,0.00
4,9.00,78.18,0.00
4,5.40,80.60,0.00
4,5.62,80.39,0.00
4,6.01,80.20,0.00
4,5.04,80.77,0.00
4,5.12,80.14,0.00
4,4.37,80.57,0.00
4,6.99,79.53,0.00
4,6.39,79.96,0.00
4,8.24,79.00,0.00
4,5.11,80.16,0.00
4,8.52,79.21,0.00
4,5.77,80.33,0.00
4,6.41,79.96,0.00
4,4.59,80.74,0.00
4,3.83,80.63,0.00
4,4.79,80.54,0.00
4,4.60,80.70,0.00
4,5.08,80.16,0.00
4,8.29,79.02,0.00
4,6.15,79.90,0.00
5,8.38,83.94,0.00
5,11.77,84.97,0.00
5,8.14,86.28,0.00
5,7.06,86.68,0.00
5,6.89,86.94,0.00
5,4.95,88.13,0.00
5,5.47,87.28,0.00
5,5.74,87.35,0.00
5,4.58,88.86,0.00
5,5.71,87.58,0.00
5,5.32,87.47,0.09
5,4.59,88.57,0.00
5,5.92,87.07,0.00
5,5.29,87.90,0.00
5,5.41,87.83,0.00
5,5.51,87.44,0.00
5,9.40,85.77,0.00
5,13.68,82.65,0.09
5,8.96,86.11,0.00
5,7.16,86.85,0.00
5,5.66,88.32,0.00
5,7.22,86.99,0.00
5,6.96,87.59,0.00
5,6.77,86.73,0.00
5,8.84,86.30,0.00
5,6.26,88.27,0.00
5,5.78,87.54,0.00
5,7.00,87.41,0.00
5,6.72,86.91,0.00
5,5.68,87.83,0.00
5,6.92,86.97,0.01
6,8.24,89.26,0.00
6,8.10,91.06,0.00
6,7.58,91.84,0.00
6,8.76,90.66,0.00
6,8.09,91.41,0.00
6,8.75,90.50,0.00
6,7.65,91.93,0.00
6,9.43,89.98,0.00
6,8.60,90.98,0.00
6,11.17,88.25,0.00
6,9.17,90.25,0.00
6,7.92,91.58,0.00
6,8.74,90.51,0.00
6,8.51,90.82,0.00
6,7.93,91.24,0.00
6,8.93,90.48,0.00
6,8.83,90.67,0.00
6,9.81,89.53,0.00
6,8.77,90.73,0.00
6,9.07,90.10,0.00
6,8.33,91.17,0.00
6,8.16,91.34,0.00
6,8.58,90.75,0.00
6,8.76,90.65,0.00
6,8.79,90.71,0.00
6,8.66,91.01,0.00
6,9.15,90.52,0.00
6,8.90,90.35,0.00
6,8.58,91.09,0.00
6,9.24,90.59,0.00
6,8.71,90.66,0.00
7,9.22,88.52,0.08
7,7.99,91.09,0.00
7,9.39,90.27,0.00
7,9.05,90.70,0.00
7,10.57,89.01,0.00
7,9.33,90.17,0.00
7,10.07,89.52,0.00
7,7.87,91.63,0.00
7,8.42,91.33,0.00
7,8.31,91.19,0.00
7,9.51,89.99,0.00
7,9.92,89.58,0.00
7,9.71,89.71,0.00
7,10.21,89.46,0.00
7,9.40,90.27,0.00
7,9.86,89.72,0.00
7,10.50,88.92,0.00
7,7.93,91.82,0.00
7,8.42,91.25,0.00
7,8.40,91.18,0.00
7,9.18,90.40,0.00
7,9.10,90.73,0.00
7,10.68,89.07,0.00
7,8.23,91.60,0.00
7,7.58,92.17,0.00
7,8.10,91.90,0.00
7,8.00,91.67,0.00
7,8.42,91.49,0.00
7,8.15,91.68,0.00
7,8.18,91.57,0.00
7,8.99,90.59,0.00
8,8.41,89.51,0.00
8,9.83,89.59,0.00
8,8.92,91.00,0.00
8,8.51,91.24,0.00
8,9.16,90.67,0.00
8,8.58,91.17,0.00
8,8.18,91.49,0.00
8,9.47,90.20,0.00
8,8.67,91.08,0.00
8,8.75,90.92,0.00
8,9.01,90.74,0.00
8,8.16,91.51,0.00
8,8.58,91.17,0.00
8,9.83,89.51,0.00
8,9.27,90.57,0.00
8,11.41,88.26,0.00
8,8.86,90.64,0.00
8,7.74,91.59,0.00
8,9.05,90.28,0.00
8,8.53,91.22,0.00
8,8.75,90.92,0.00
8,9.15,90.52,0.00
8,8.33,91.17,0.00
8,8.43,91.40,0.00
8,8.76,91.15,0.00
8,9.23,90.60,0.00
8,9.17,90.66,0.00
8,8.92,90.91,0.00
8,8.69,91.14,0.00
8,9.23,90.60,0.00
8,8.92,90.71,0.00
9,10.00,87.67,0.00
9,9.02,90.65,0.00
9,8.33,91.51,0.00
9,7.92,91.99,0.00
9,10.42,89.50,0.00
9,9.28,90.55,0.00
9,10.05,89.87,0.00
9,7.34,92.41,0.00
9,9.33,90.17,0.00
9,9.82,89.85,0.00
9,9.75,89.83,0.00
9,9.98,89.52,0.00
9,8.10,91.49,0.00
9,8.68,90.98,0.00
9,9.96,89.54,0.00
9,11.15,88.77,0.00
9,8.67,91.08,0.00
9,9.25,90.42,0.00
9,9.35,90.40,0.00
9,9.34,90.41,0.00
9,9.23,90.43,0.00
9,8.39,91.28,0.00
9,9.09,90.66,0.00
9,10.13,89.37,0.00
9,9.39,90.44,0.00
9,10.03,89.63,0.00
9,8.65,90.94,0.00
9,8.99,90.35,0.00
9,8.26,91.07,0.00
9,9.09,90.66,0.00
9,9.23,90.38,0.00
10,11.17,86.83,0.08
10,10.26,88.91,0.00
10,12.83,86.75,0.00
10,10.09,89.57,0.00
10,10.18,89.49,0.00
10,10.85,88.65,0.00
10,9.90,89.68,0.00
10,10.62,88.96,0.00
10,10.57,89.34,0.00
10,12.92,86.67,0.00
10,8.83,90.67,0.00
10,9.00,90.50,0.00
10,9.83,89.84,0.00
10,8.91,90.84,0.00
10,8.76,90.98,0.00
10,9.58,90.26,0.00
10,9.23,90.52,0.00
10,9.67,90.17,0.00
10,10.01,89.91,0.00
10,7.91,91.76,0.00
10,10.34,89.57,0.00
10,8.75,91.08,0.00
10,9.83,89.92,0.00
10,9.77,90.14,0.00
10,8.80,90.86,0.00
10,10.39,89.53,0.00
10,8.96,90.80,0.00
10,9.68,90.07,0.00
10,9.17,90.67,0.00
10,9.59,90.41,0.00
10,9.88,89.78,0.00
11,10.75,87.25,0.00
11,9.16,90.34,0.00
11,9.17,90.50,0.00
11,9.40,90.43,0.00
11,9.92,89.99,0.00
11,10.11,89.72,0.00
11,8.82,91.01,0.00
11,9.75,90.08,0.00
11,9.24,90.59,0.00
11,9.41,90.34,0.00
11,9.28,90.64,0.00
11,8.99,90.93,0.00
11,9.26,90.66,0.00
11,10.28,89.63,0.00
11,7.65,92.10,0.00
11,9.63,89.87,0.00
11,9.34,90.58,0.00
11,7.83,91.92,0.00
11,10.24,89.51,0.00
11,8.42,91.49,0.00
11,8.84,90.91,0.00
11,10.06,89.69,0.00
11,9.36,90.48,0.00
11,9.23,90.60,0.00
11,10.71,89.29,0.00
11,9.33,90.58,0.00
11,10.93,88.91,0.00
11,10.81,88.78,0.00
11,10.23,89.35,0.00
11,11.98,87.35,0.00
11,9.60,90.12,0.00
12,14.71,83.62,0.00
12,10.87,88.21,0.00
12,9.26,90.41,0.00
12,9.07,90.43,0.00
12,9.67,90.00,0.00
12,10.18,89.57,0.00
12,9.36,90.30,0.00
12,10.13,89.45,0.00
12,9.68,90.07,0.00
12,8.82,90.60,0.00
12,8.40,90.94,0.00
12,9.17,90.49,0.00
12,9.93,89.82,0.00
12,9.23,90.35,0.00
12,9.42,90.33,0.00
12,10.27,89.57,0.00
12,9.58,89.93,0.00
12,11.07,88.51,0.00
12,11.25,88.42,0.00
12,9.52,90.32,0.00
12,9.31,90.61,0.00
12,8.59,91.16,0.00
12,9.25,90.42,0.00
12,8.99,90.68,0.00
12,9.42,90.42,0.00
12,10.26,89.66,0.00
12,10.57,89.27,0.00
12,9.67,90.08,0.00
12,10.13,89.54,0.00
12,8.58,91.08,0.00
12,9.81,89.81,0.00
13,9.60,88.31,0.00
13,8.49,90.85,0.00
13,9.08,90.51,0.00
13,8.92,90.66,0.00
13,10.67,88.67,0.00
13,9.01,90.74,0.00
13,9.01,90.91,0.00
13,9.73,90.11,0.00
13,9.81,90.11,0.00
13,9.79,90.04,0.00
13,8.65,91.11,0.00
13,10.18,89.48,0.00
13,9.09,90.83,0.00
13,9.15,90.68,0.00
13,10.59,89.07,0.00
13,8.66,91.26,0.00
13,9.09,90.83,0.00
13,8.89,90.86,0.00
13,9.35,90.65,0.00
13,9.02,90.73,0.00
13,10.25,89.67,0.00
13,8.33,91.50,0.00
13,9.33,90.51,0.00
13,9.10,90.73,0.00
13,8.99,90.76,0.00
13,9.15,90.68,0.00
13,8.75,91.17,0.00
13,8.63,91.29,0.00
13,9.48,90.27,0.00
13,8.76,91.07,0.00
13,9.25,90.47,0.00
14,8.57,89.18,0.00
14,8.91,90.92,0.00
14,9.35,90.65,0.00
14,10.32,89.51,0.00
14,9.52,90.06,0.00
14,8.66,91.09,0.00
14,9.49,90.26,0.00
14,10.40,89.43,0.00
14,8.60,91.31,0.00
14,9.08,90.83,0.00
14,8.33,91.50,0.00
14,8.68,91.24,0.00
14,8.58,91.34,0.00
14,10.34,89.41,0.00
14,9.13,90.71,0.00
14,9.94,89.89,0.00
14,8.87,90.71,0.00
14,9.33,90.51,0.00
14,8.57,91.26,0.00
14,9.93,89.82,0.00
14,9.17,90.83,0.00
14,9.62,90.21,0.00
14,8.13,91.70,0.00
14,8.78,91.14,0.00
14,9.23,90.69,0.00
14,8.76,91.07,0.00
14,8.80,90.95,0.00
14,8.84,90.99,0.00
14,10.70,88.89,0.00
14,9.68,90.15,0.00
14,9.21,90.54,0.00
15,9.58,89.08,0.00
15,7.84,91.24,0.00
15,8.58,91.26,0.00
15,8.76,91.08,0.00
15,9.02,90.90,0.00
15,9.17,90.75,0.00
15,9.11,90.73,0.00
15,9.40,90.52,0.00
15,8.68,91.07,0.00
15,9.57,90.27,0.00
15,9.16,90.51,0.00
15,9.48,90.11,0.00
15,8.58,91.26,0.00
15,8.92,90.83,0.00
15,9.09,90.74,0.00
15,9.73,90.18,0.00
15,10.02,89.98,0.00
15,9.33,90.50,0.00
15,9.02,90.89,0.00
15,9.60,90.32,0.00
15,9.06,90.69,0.00
15,8.49,91.43,0.00
15,10.32,89.43,0.00
15,10.00,89.67,0.00
15,8.15,91.60,0.00
15,9.67,90.08,0.00
15,9.08,90.83,0.00
15,8.35,91.49,0.00
15,9.41,90.34,0.00
15,9.91,89.93,0.00
15,9.17,90.59,0.00
16,9.34,88.66,0.00
16,8.43,91.40,0.00
16,8.99,90.93,0.00
16,8.74,90.76,0.00
16,9.67,90.08,0.00
16,8.09,91.83,0.00
16,10.07,89.68,0.00
16,9.29,90.30,0.00
16,9.05,90.79,0.00
16,9.00,90.75,0.00
16,9.22,90.70,0.00
16,9.72,90.03,0.00
16,9.30,90.53,0.00
16,8.92,90.83,0.00
16,10.59,89.24,0.00
16,8.59,91.41,0.00
16,8.76,90.90,0.00
16,9.07,90.60,0.00
16,10.14,89.53,0.00
16,8.85,91.07,0.00
16,8.40,91.51,0.00
16,10.24,89.26,0.00
16,10.93,88.56,0.00
16,12.46,87.04,0.00
16,9.23,90.36,0.00
16,10.21,89.46,0.00
16,11.68,88.07,0.00
16,10.94,88.81,0.00
16,9.42,90.17,0.00
16,9.14,90.44,0.00
16,9.55,90.12,0.00
